D S y SPP
9.0 0.0217509 0 BA
14.0 0.0217509 0 BA
18.0 0.0217509 0 BA
23.0 0.0217509 0 BA
9.0 0.0217509 0 BA
16.0 0.0217509 0 BA
10.0 0.0217509 0 PB
5.0 0.0242120 0 BA
6.0 0.0242120 0 BA
9.0 0.0242120 0 BA
6.0 0.0242120 0 BA
9.0 0.0242120 0 BA
21.0 0.0242120 0 BA
12.0 0.0242120 0 BA
13.0 0.0242120 0 BA
14.0 0.0242120 0 BA
6.0 0.0242120 0 BA
9.0 0.0242120 0 BF
7.0 0.0278677 0 BA
5.0 0.0278677 0 BA
6.0 0.0278677 0 BA
6.0 0.0278677 0 BA
28.0 0.0278677 0 C
6.0 0.0278677 0 C
11.0 0.0305947 0 BF
9.0 0.0305947 0 BF
35.0 0.0305947 0 C
21.0 0.0305947 0 C
20.0 0.0305947 0 C
25.0 0.0305947 0 C
34.0 0.0305947 0 C
18.0 0.0305947 0 C
14.0 0.0305947 0 C
25.0 0.0305947 0 C
25.0 0.0305947 0 C
28.0 0.0305947 0 C
19.0 0.0305947 0 C
10.0 0.0305947 0 PB
15.0 0.0323448 0 BA
9.0 0.0323448 0 BA
9.0 0.0323448 0 BA
15.0 0.0323448 0 BA
10.0 0.0323448 0 BA
10.0 0.0323448 0 BA
16.0 0.0323448 0 BA
25.0 0.0323448 0 C
16.0 0.0323448 0 C
19.0 0.0323448 0 C
26.0 0.0323448 0 C
31.0 0.0323448 0 C
9.0 0.0341815 0 BF
5.0 0.0341815 0 BF
8.0 0.0341815 0 BF
8.0 0.0341815 0 BF
6.0 0.0341815 0 BF
8.0 0.0341815 0 BF
5.0 0.0341815 0 BF
33.0 0.0341815 0 C
19.0 0.0341815 0 C
37.0 0.0341815 0 JP
22.0 0.0345653 0 BF
20.0 0.0345653 0 PB
24.0 0.0372670 1 A
10.0 0.0372670 0 RM
10.0 0.0372670 1 RM
5.0 0.0398276 0 C
25.0 0.0398276 1 C
5.0 0.0398276 0 C
16.0 0.0398276 0 C
14.0 0.0398276 0 C
16.0 0.0398276 0 C
12.0 0.0398276 0 C
7.0 0.0398276 0 PB
6.0 0.0398276 0 PB
6.0 0.0398276 0 PB
8.0 0.0398276 0 PB
6.0 0.0461334 0 BF
13.0 0.0479708 0 BS
20.0 0.0479708 0 C
22.0 0.0479708 0 C
27.0 0.0479708 0 C
8.0 0.0514511 0 BF
22.0 0.0514511 0 C
21.0 0.0514511 0 C
12.0 0.0514511 0 PB
15.5 0.0521484 0 PB
17.0 0.0521484 0 PB
15.0 0.0521484 0 PB
16.0 0.0521484 0 PB
21.0 0.0525153 0 BS
26.0 0.0525153 0 BS
38.0 0.0525153 0 C
31.0 0.0536769 1 RP
17.0 0.0547770 0 A
12.0 0.0547770 0 A
8.0 0.0547770 0 BF
9.0 0.0547770 0 BF
10.0 0.0547770 0 BF
14.0 0.0547770 0 PB
7.0 0.0552361 0 BF
22.0 0.0563668 0 A
45.0 0.0563668 0 RP
14.0 0.0571445 1 JP
30.0 0.0571445 1 JP
30.0 0.0571445 1 JP
16.0 0.0571445 1 JP
13.0 0.0571445 1 PB
14.0 0.0571646 1 JP
18.0 0.0571646 1 JP
17.0 0.0571646 1 JP
14.0 0.0571646 1 JP
14.0 0.0571646 1 JP
13.0 0.0571646 1 JP
18.0 0.0571646 1 JP
14.0 0.0575282 0 BF
15.0 0.0575282 0 BF
17.0 0.0575282 0 BF
12.0 0.0575282 0 BF
14.0 0.0575282 0 PB
10.5 0.0575282 0 PB
11.5 0.0575282 0 PB
21.0 0.0575282 0 PB
19.0 0.0575282 0 PB
19.0 0.0597874 0 BS
6.0 0.0649814 0 BS
8.0 0.0649814 0 BS
9.0 0.0649814 0 BS
18.0 0.0649814 0 BS
10.0 0.0649814 0 BS
13.0 0.0649814 0 BS
11.0 0.0649814 0 BS
10.0 0.0649814 0 BS
34.0 0.0649814 0 RP
15.0 0.0662406 1 BS
22.0 0.0662406 1 JP
20.0 0.0662406 1 JP
23.0 0.0662406 0 JP
24.5 0.0662406 0 JP
20.0 0.0678602 0 BS
34.0 0.0678602 0 BS
12.0 0.0678602 0 RM
17.0 0.0678602 0 RM
8.0 0.0687957 0 BF
37.0 0.0687957 0 JP
21.0 0.0687957 0 JP
5.0 0.0687957 0 RM
6.0 0.0687957 0 RM
12.0 0.0688740 1 A
25.0 0.0688740 1 A
25.0 0.0688740 1 A
25.0 0.0688740 1 A
14.0 0.0693424 0 BF
12.0 0.0693424 0 BF
16.0 0.0693424 0 BS
15.0 0.0693424 0 BS
17.0 0.0693424 0 RM
16.0 0.0693424 0 RM
16.0 0.0693424 0 RM
11.0 0.0693424 0 RM
22.0 0.0697707 0 A
24.0 0.0697707 0 JP
10.0 0.0710720 0 A
18.0 0.0710720 0 BF
13.0 0.0710720 0 BF
8.0 0.0710720 0 PB
8.5 0.0710720 0 PB
37.5 0.0712564 0 A
23.0 0.0723925 0 JP
5.0 0.0723925 0 PB
8.0 0.0726807 0 BF
7.0 0.0726807 0 BF
11.0 0.0726807 0 BS
14.0 0.0726807 1 BS
21.0 0.0726807 0 BS
11.0 0.0726807 1 PB
6.0 0.0730598 0 BF
5.0 0.0730598 0 BF
9.0 0.0730598 0 BF
11.0 0.0730598 0 BS
6.0 0.0748013 0 BA
6.0 0.0748013 0 BA
6.0 0.0748013 0 BA
34.0 0.0760489 0 A
14.0 0.0773118 0 BF
13.0 0.0777039 1 JP
11.0 0.0777039 1 JP
9.0 0.0777039 1 JP
13.0 0.0777039 1 JP
13.0 0.0777039 1 JP
12.0 0.0777039 1 JP
15.0 0.0777039 1 JP
12.0 0.0777039 0 JP
11.0 0.0777039 1 JP
17.0 0.0777039 1 JP
12.0 0.0777039 1 JP
11.0 0.0777039 1 JP
34.0 0.0780471 0 A
51.0 0.0780471 0 A
28.0 0.0780471 0 PB
38.0 0.0792837 0 A
13.0 0.0792837 0 RM
10.0 0.0792837 0 RM
12.0 0.0792837 0 RM
10.0 0.0792837 0 RM
11.0 0.0805133 0 BF
25.0 0.0805133 0 PB
6.0 0.0805133 0 RM
9.0 0.0813203 0 A
39.0 0.0813203 0 A
40.0 0.0813203 0 A
36.0 0.0813203 0 A
7.0 0.0818451 0 BF
6.0 0.0818451 0 BF
20.0 0.0818451 0 BS
13.0 0.0818451 0 C
7.0 0.0818451 0 C
6.0 0.0818451 0 C
8.0 0.0818451 0 C
5.0 0.0846147 0 BF
6.0 0.0846147 0 BF
5.0 0.0846147 0 BF
5.0 0.0846147 0 BF
6.0 0.0846147 0 BS
12.0 0.0846147 0 BS
6.0 0.0846147 0 PB
8.0 0.0849970 0 BA
6.0 0.0849970 0 BA
7.0 0.0849970 0 BA
6.0 0.0849970 0 BA
7.0 0.0849970 0 BA
9.0 0.0849970 0 BA
10.0 0.0849970 0 BF
12.0 0.0849970 0 BS
5.0 0.0849970 0 PB
42.0 0.0868586 1 A
9.0 0.0868586 0 RM
6.0 0.0868586 1 RM
9.0 0.0868586 1 RM
7.0 0.0868586 0 RM
25.0 0.0868586 1 RM
5.0 0.0879988 0 BF
6.0 0.0879988 0 BF
6.0 0.0879988 0 BF
5.0 0.0879988 0 BF
5.0 0.0879988 0 BF
8.0 0.0879988 0 BF
5.0 0.0879988 0 PB
7.0 0.0879988 0 PB
5.0 0.0879988 0 PB
21.0 0.0886621 0 A
22.0 0.0886621 0 A
31.0 0.0886621 0 A
28.0 0.0886621 0 A
28.0 0.0886621 0 A
28.0 0.0886621 0 A
13.0 0.0886621 0 BS
16.0 0.0886621 0 BS
16.0 0.0894350 0 BF
10.0 0.0894350 0 BF
12.0 0.0894350 1 BF
14.0 0.0894350 0 PB
5.0 0.0894688 0 BF
7.0 0.0894688 0 BS
6.0 0.0894688 0 BS
9.0 0.0894688 0 BS
8.0 0.0894688 0 BS
12.0 0.0894688 0 BS
13.0 0.0894688 0 BS
7.0 0.0894688 0 PB
7.0 0.0899905 0 BS
8.0 0.0899905 0 BS
6.0 0.0899905 0 BS
6.0 0.0899905 0 BS
10.0 0.0899905 0 BS
10.0 0.0899905 0 BS
11.0 0.0899905 0 BS
11.0 0.0904253 0 BS
9.0 0.0914889 0 BF
12.0 0.0914889 0 BF
5.0 0.0914889 0 BF
10.0 0.0914889 0 BF
7.0 0.0914889 0 BF
17.0 0.0914889 0 BS
5.0 0.0943459 0 BF
7.0 0.0943459 0 BF
5.0 0.0943459 0 BF
33.0 0.0943459 0 PB
10.0 0.0951730 0 BA
12.0 0.0951730 1 BA
14.0 0.0958845 0 BF
15.0 0.0958845 0 BS
15.0 0.0958845 0 BS
21.0 0.0958845 0 BS
13.0 0.0958845 0 BS
10.0 0.0958845 0 BS
12.0 0.0958845 0 BS
25.0 0.0958845 1 JP
23.0 0.0958845 0 JP
17.0 0.0965822 0 A
8.0 0.0965822 0 A
5.0 0.0965822 0 BF
16.0 0.0965822 0 BS
7.0 0.0965822 0 BS
8.0 0.0974461 0 BS
15.0 0.0974461 0 PB
11.0 0.0974461 0 PB
14.0 0.0974461 0 PB
9.0 0.0974461 0 PB
13.0 0.0990518 0 PB
15.0 0.0990518 0 PB
14.0 0.0990518 0 PB
16.0 0.0990518 0 PB
10.0 0.0990518 0 PB
11.0 0.0990518 0 PB
12.0 0.0990518 0 PB
10.0 0.0990518 0 PB
17.0 0.0990518 0 PB
18.0 0.0992233 0 BS
16.0 0.0992233 0 BS
15.0 0.0992233 0 BS
15.0 0.0992233 0 BS
17.0 0.0992233 0 BS
15.0 0.0992233 0 BS
16.0 0.0992233 0 BS
17.0 0.0992233 0 BS
8.0 0.0992233 0 BS
13.0 0.0992233 0 BS
12.0 0.0994145 0 A
12.0 0.0994145 0 A
12.0 0.0994145 1 A
17.0 0.0994145 0 BF
5.0 0.0994145 0 PB
7.0 0.0994145 0 PB
9.0 0.0994145 0 PB
7.0 0.0994145 0 PB
8.0 0.0994145 0 PB
5.0 0.0994145 0 PB
5.0 0.0994145 0 PB
6.0 0.0994145 0 PB
11.0 0.0994145 0 PB
11.0 0.0994145 0 PB
5.0 0.0995897 0 BF
11.0 0.0995897 0 BF
7.0 0.0995897 0 BS
5.0 0.0995897 0 BS
5.0 0.0995897 0 BS
9.0 0.0995897 0 BS
19.0 0.0995897 0 BS
18.0 0.0995897 0 PB
11.0 0.0998312 0 BA
14.0 0.0998312 0 BA
6.0 0.0998312 0 BF
7.0 0.0998312 0 BF
7.0 0.0998312 0 BF
7.0 0.0998312 0 BS
16.0 0.0998312 0 BS
7.0 0.0998312 0 BS
9.0 0.0998312 0 BS
9.0 0.0998312 0 BS
14.0 0.0998312 0 BS
11.0 0.0998312 0 BS
7.0 0.0998312 0 PB
17.0 0.1004520 0 C
46.0 0.1004520 0 C
10.0 0.1016790 0 BS
14.0 0.1016790 0 BS
17.0 0.1016790 0 BS
16.0 0.1016790 0 BS
18.0 0.1016790 0 BS
15.0 0.1016790 0 BS
8.0 0.1016790 0 BS
7.0 0.1016790 1 BS
7.0 0.1016790 0 BS
13.0 0.1016790 0 C
9.0 0.1016790 0 C
10.0 0.1016790 0 C
22.0 0.1025400 0 A
21.0 0.1025400 1 A
23.0 0.1025400 0 A
26.0 0.1025400 0 A
25.0 0.1025400 0 A
17.0 0.1025400 0 A
21.0 0.1025400 0 A
13.0 0.1025400 1 BF
15.0 0.1036890 1 A
25.0 0.1036890 0 BF
7.0 0.1059930 0 BF
8.0 0.1059930 0 BF
9.0 0.1059930 0 RP
14.0 0.1076440 0 BF
20.0 0.1076440 0 BS
51.0 0.1076440 0 BS
19.0 0.1077690 0 BF
17.0 0.1077690 0 BF
5.5 0.1077690 0 BS
29.0 0.1077690 0 PB
46.0 0.1096360 0 C
14.0 0.1148780 0 BF
13.0 0.1148780 1 BF
6.0 0.1148780 0 BF
16.0 0.1148780 0 BS
14.0 0.1148780 0 BS
6.0 0.1148780 0 PB
6.0 0.1156340 0 BF
6.0 0.1156340 0 BF
23.0 0.1156340 0 BS
8.0 0.1156340 0 PB
17.0 0.1157760 0 BS
8.0 0.1183610 0 BF
6.0 0.1183610 0 RM
8.0 0.1188870 0 BS
15.0 0.1188870 1 BS
13.0 0.1188870 0 PB
7.0 0.1188870 0 PB
14.0 0.1188870 0 PB
13.0 0.1188870 0 PB
15.0 0.1188870 0 PB
12.0 0.1188870 0 PB
8.0 0.1188870 0 PB
12.0 0.1192630 0 BS
10.0 0.1192630 0 PB
13.0 0.1192630 0 PB
12.0 0.1192630 0 PB
13.0 0.1192630 0 PB
22.0 0.1200540 1 BF
15.0 0.1200540 1 BS
11.5 0.1200540 1 BS
14.0 0.1200540 1 BS
24.0 0.1200540 1 JP
22.0 0.1200540 1 JP
28.0 0.1200540 1 JP
11.0 0.1200540 1 PB
15.0 0.1200540 1 RM
15.0 0.1201490 0 BS
7.0 0.1201490 0 BS
14.0 0.1201490 0 BS
16.0 0.1201490 0 BS
14.0 0.1201490 0 BS
13.0 0.1201490 0 BS
13.0 0.1201490 0 BS
10.0 0.1201490 0 PB
10.0 0.1201490 0 PB
6.0 0.1205340 0 BF
9.0 0.1205340 0 BF
12.0 0.1205340 0 BS
5.0 0.1205340 0 PB
10.0 0.1205340 0 PB
12.0 0.1205340 0 PB
11.0 0.1205340 0 PB
10.0 0.1205340 0 PB
11.0 0.1206290 0 BF
14.0 0.1206290 0 BS
14.0 0.1206290 0 BS
15.0 0.1206290 0 BS
15.0 0.1206290 0 BS
7.0 0.1206290 0 BS
12.0 0.1206290 0 BS
20.0 0.1206290 0 JP
15.0 0.1206290 0 JP
16.0 0.1206290 0 JP
30.0 0.1206290 0 JP
18.0 0.1206290 0 JP
25.0 0.1206290 0 JP
13.0 0.1206290 0 JP
20.0 0.1206290 0 JP
20.0 0.1206290 0 JP
38.0 0.1282540 0 C
23.0 0.1282540 0 C
28.0 0.1282540 0 C
23.0 0.1282540 0 C
24.0 0.1282540 0 C
23.0 0.1282540 0 C
42.5 0.1282540 0 C
30.0 0.1282540 0 PB
11.0 0.1283530 0 BS
10.0 0.1283530 0 BS
13.0 0.1283530 0 BS
13.0 0.1283530 0 BS
25.0 0.1283530 0 JP
21.0 0.1283530 0 JP
34.0 0.1283530 0 JP
6.0 0.1284770 0 BF
15.0 0.1284770 0 BS
13.0 0.1284770 0 BS
17.0 0.1284770 0 BS
12.0 0.1284770 0 BS
7.0 0.1284770 0 RM
7.0 0.1293800 0 BF
5.0 0.1293800 0 BF
7.0 0.1293800 0 BF
21.0 0.1301990 1 JP
28.0 0.1301990 1 JP
27.0 0.1301990 0 JP
36.0 0.1301990 1 JP
14.0 0.1305650 0 BS
6.0 0.1305650 0 PB
13.0 0.1311080 0 A
17.0 0.1311080 0 A
27.0 0.1311080 0 JP
7.0 0.1316300 0 BF
15.0 0.1316300 0 BS
14.0 0.1316300 1 BS
21.0 0.1316300 0 BS
32.0 0.1316300 0 JP
11.0 0.1317180 0 BF
11.0 0.1320510 0 BF
21.0 0.1320510 0 BS
21.0 0.1320510 0 BS
9.0 0.1320510 0 BS
7.0 0.1320510 0 BS
13.0 0.1320930 0 BF
17.0 0.1320930 0 BS
28.0 0.1320930 0 BS
14.0 0.1320930 0 PB
14.0 0.1320930 0 PB
15.0 0.1320930 0 PB
12.0 0.1320930 0 PB
10.0 0.1325850 0 BF
10.0 0.1325850 0 BF
25.0 0.1325850 1 BS
19.0 0.1325850 0 BS
26.0 0.1325850 1 JP
7.0 0.1357510 1 BF
9.0 0.1357510 1 BF
14.0 0.1357510 0 BS
14.0 0.1357510 1 JP
22.0 0.1357510 1 JP
19.0 0.1357510 1 JP
15.0 0.1357510 1 JP
21.0 0.1372060 0 PB
33.0 0.1372420 0 RP
5.0 0.1380330 0 BF
5.0 0.1380330 0 BF
5.0 0.1380330 0 BF
5.0 0.1380330 0 BS
5.0 0.1380330 0 BS
6.0 0.1380330 0 BS
56.0 0.1423500 0 A
30.0 0.1423500 0 JP
18.0 0.1423500 0 PB
11.0 0.1423500 0 PB
6.0 0.1442170 0 BF
20.0 0.1442170 0 BS
17.0 0.1442170 0 BS
9.0 0.1442170 0 BS
34.0 0.1442170 0 JP
6.0 0.1442170 0 PB
17.0 0.1444850 0 A
9.0 0.1444850 1 BS
23.0 0.1444850 1 JP
14.0 0.1444850 1 JP
36.0 0.1450720 1 RP
32.0 0.1450720 1 RP
30.5 0.1450720 1 RP
34.5 0.1450720 0 RP
37.0 0.1450720 1 RP
6.0 0.1454460 0 BF
9.0 0.1454460 0 BF
14.0 0.1454460 0 BS
6.0 0.1454460 0 BS
7.0 0.1454460 0 BS
6.0 0.1454460 0 BS
12.0 0.1466150 1 BF
8.0 0.1466150 1 BF
9.0 0.1466150 0 BS
16.0 0.1466150 0 BS
13.0 0.1466150 0 BS
12.0 0.1466150 1 BS
14.0 0.1466150 0 C
9.0 0.1466150 0 C
20.0 0.1478940 0 BS
14.0 0.1478940 0 BS
18.0 0.1478940 0 JP
14.0 0.1478940 0 PB
14.0 0.1480250 0 BF
11.0 0.1480250 0 BF
13.0 0.1480250 0 BF
9.0 0.1480250 0 BF
26.0 0.1480250 0 BS
17.0 0.1480250 0 C
10.0 0.1480250 0 RM
6.0 0.1499730 0 BF
5.0 0.1499730 0 BF
27.0 0.1499730 1 BS
22.0 0.1504510 0 C
25.0 0.1504510 0 RP
35.0 0.1504510 0 RP
40.0 0.1504510 0 RP
9.0 0.1527140 0 BF
6.0 0.1527140 0 BF
22.0 0.1527140 0 C
19.0 0.1527140 0 C
26.0 0.1527140 0 C
21.0 0.1527140 0 C
17.0 0.1527140 0 C
5.0 0.1527140 0 PB
5.0 0.1527140 0 PB
24.0 0.1530930 1 A
25.0 0.1530930 0 A
29.0 0.1530930 1 A
22.0 0.1530930 1 A
27.0 0.1530930 0 A
22.0 0.1530930 1 A
19.0 0.1530930 1 A
13.0 0.1530930 1 JP
13.0 0.1577740 1 BS
12.0 0.1577740 1 JP
18.0 0.1577740 1 JP
14.0 0.1577740 1 JP
14.0 0.1577740 1 JP
23.0 0.1577740 1 JP
14.0 0.1577740 1 JP
16.0 0.1577740 1 JP
11.0 0.1577740 1 JP
9.0 0.1577740 1 JP
14.0 0.1577740 1 JP
10.0 0.1577740 0 PB
9.0 0.1577740 0 PB
5.0 0.1637960 0 BF
14.0 0.1637960 0 BF
5.0 0.1637960 0 BF
10.0 0.1645130 0 BF
10.0 0.1645130 0 BF
11.0 0.1645130 0 PB
18.0 0.1645500 0 C
17.0 0.1645500 0 C
17.0 0.1645500 0 C
12.0 0.1645500 0 C
14.0 0.1645500 0 C
25.0 0.1645500 0 C
12.0 0.1645500 0 C
10.0 0.1645500 0 C
19.0 0.1645500 0 C
14.0 0.1645500 0 C
16.0 0.1664520 0 BS
8.0 0.1664520 0 BS
11.0 0.1664520 0 BS
19.0 0.1664520 0 BS
13.0 0.1664520 0 BS
11.0 0.1664520 0 PB
16.0 0.1669360 0 BS
18.0 0.1669360 1 BS
13.0 0.1669360 0 BS
13.0 0.1669360 0 BS
23.0 0.1669360 0 JP
18.0 0.1669360 0 JP
23.0 0.1669360 0 JP
21.0 0.1701980 0 PB
13.0 0.1701980 0 PB
18.0 0.1701980 0 PB
14.0 0.1701980 0 RM
12.0 0.1701980 0 RM
15.0 0.1701980 0 RM
8.0 0.1701980 0 RM
12.0 0.1701980 0 RM
9.0 0.1701980 0 RM
28.0 0.1705450 0 A
14.0 0.1705450 0 BS
9.0 0.1732360 0 A
11.5 0.1732360 0 BS
14.5 0.1732360 0 BS
11.0 0.1732360 0 PB
12.0 0.1732360 0 PB
14.0 0.1732360 0 PB
16.0 0.1733830 0 BF
7.0 0.1733830 0 BF
10.0 0.1733830 0 BF
30.0 0.1733830 0 RM
22.0 0.1737820 0 A
31.0 0.1737820 1 BS
10.0 0.1737820 0 PB
8.0 0.1741110 1 BF
8.0 0.1741110 1 BF
7.0 0.1741110 1 BF
10.0 0.1741110 1 BF
6.0 0.1741110 0 BF
6.0 0.1748690 0 BA
9.0 0.1748690 0 BA
5.0 0.1748690 0 BA
7.0 0.1748690 0 BA
8.0 0.1748690 0 BA
9.0 0.1748690 0 BF
8.0 0.1748690 0 BS
6.0 0.1748690 0 BS
5.0 0.1748690 0 C
24.0 0.1748690 0 C
27.0 0.1748690 0 C
12.0 0.1756090 0 BS
10.0 0.1756090 0 C
14.0 0.1756090 0 C
6.0 0.1756090 0 C
13.0 0.1756090 0 C
16.0 0.1756090 0 C
6.0 0.1756090 0 C
7.0 0.1756090 0 C
20.0 0.1765090 0 A
21.0 0.1765090 0 A
20.0 0.1765090 0 A
23.0 0.1765090 0 A
22.0 0.1765090 0 A
23.0 0.1765090 0 A
21.0 0.1765090 0 A
12.0 0.1765090 1 BS
21.0 0.1765090 0 BS
14.0 0.1765090 0 BS
11.0 0.1765090 0 PB
10.0 0.1765090 0 PB
12.0 0.1765090 0 PB
7.0 0.1769540 0 BF
14.0 0.1769540 1 BS
13.0 0.1769540 0 BS
12.0 0.1769540 0 BS
6.0 0.1769540 0 BS
9.0 0.1769540 0 BS
12.0 0.1769540 0 BS
8.0 0.1769540 1 BS
23.0 0.1772200 0 A
37.0 0.1772200 0 A
33.0 0.1772200 0 BS
24.0 0.1772200 0 BS
19.0 0.1772200 0 PB
11.0 0.1772200 0 RM
8.0 0.1772200 0 RM
5.0 0.1810500 1 BF
5.0 0.1810500 0 BF
7.0 0.1810500 1 BF
5.0 0.1810500 0 BF
13.0 0.1810500 1 BS
13.0 0.1810500 1 BS
6.0 0.1824650 0 BF
5.0 0.1824650 0 BF
5.0 0.1824650 0 BF
5.0 0.1824650 0 BF
7.0 0.1824650 0 BF
5.0 0.1827020 0 C
12.0 0.1827020 0 C
11.0 0.1827020 0 C
10.0 0.1827020 0 C
15.0 0.1827020 0 C
5.0 0.1827020 0 C
10.0 0.1827020 0 C
6.0 0.1836320 0 BF
6.0 0.1836320 0 BF
6.0 0.1836320 0 BF
6.0 0.1836320 0 BS
23.0 0.1836320 0 BS
13.0 0.1836320 0 PB
17.0 0.1836320 0 PB
7.0 0.1845420 0 BF
6.0 0.1845420 0 BF
6.0 0.1845420 0 PB
9.0 0.1845420 0 PB
13.0 0.1845420 0 PB
27.0 0.1845420 0 PB
18.0 0.1885260 1 BS
24.0 0.1885260 1 BS
14.0 0.1885260 0 C
8.0 0.1885260 0 C
8.0 0.1885260 0 C
10.0 0.1885260 0 C
6.0 0.1885260 0 C
5.0 0.1915210 0 BF
15.0 0.1915210 0 BS
13.0 0.1915210 0 BS
18.0 0.1915210 0 BS
21.0 0.1915210 0 JP
27.0 0.1915210 1 JP
6.0 0.1915210 0 PB
8.0 0.1915210 1 PB
12.0 0.1922930 0 BF
25.0 0.1922930 0 PB
39.0 0.1922930 0 PB
7.0 0.1925090 0 BF
10.0 0.1925090 0 BS
15.0 0.1925090 0 BS
19.0 0.1925090 0 BS
18.0 0.1925090 1 BS
10.0 0.1925090 0 BS
44.0 0.1925090 1 JP
14.0 0.1950460 0 C
25.0 0.1950460 0 C
22.0 0.1950460 0 C
17.0 0.1950460 0 C
7.0 0.1956460 0 BS
12.0 0.1956460 1 BS
27.0 0.1956460 0 JP
25.0 0.1956460 1 JP
14.0 0.1956460 0 JP
25.0 0.1956460 0 JP
14.0 0.1956460 1 JP
10.0 0.1956460 0 PB
7.0 0.1956460 0 PB
12.0 0.1956460 0 PB
14.0 0.1976180 0 BF
8.0 0.1976180 0 BF
10.0 0.1976180 0 BF
16.0 0.1976180 0 BF
11.0 0.1976180 0 BF
15.0 0.1976180 0 BS
15.0 0.1976180 0 PB
14.0 0.1982930 1 BF
14.0 0.1982930 0 BF
10.0 0.1982930 1 BF
40.0 0.1982930 0 BS
10.0 0.1991720 0 BF
14.0 0.1991720 0 BS
21.0 0.1991720 0 RM
8.0 0.1991720 0 RM
21.0 0.1991720 0 RM
25.0 0.1991720 0 RM
18.0 0.1993400 1 C
38.0 0.1993400 1 JP
36.0 0.1993400 1 JP
28.0 0.1993400 1 JP
36.0 0.1993400 1 JP
9.0 0.2018380 0 BS
8.0 0.2018380 0 BS
22.0 0.2018380 0 BS
6.0 0.2018380 0 BS
7.0 0.2018380 0 PB
15.0 0.2018380 0 PB
21.0 0.2033200 1 BF
15.0 0.2033200 0 PB
17.0 0.2033200 0 PB
23.0 0.2033200 0 RM
14.0 0.2033200 0 RM
8.0 0.2041320 0 BF
10.0 0.2062430 0 BF
30.0 0.2062430 0 C
13.0 0.2062430 1 C
9.0 0.2062430 0 C
10.0 0.2062430 0 PB
6.0 0.2077690 0 BF
6.0 0.2077690 0 BF
9.0 0.2081160 0 BF
9.0 0.2081160 0 BF
26.0 0.2081160 0 C
21.0 0.2081160 0 C
30.0 0.2081160 0 C
19.0 0.2081160 0 C
13.0 0.2081160 0 C
28.0 0.2081160 0 C
22.0 0.2081160 0 C
17.0 0.2081160 0 C
6.0 0.2100340 1 BA
7.0 0.2100340 1 BF
7.0 0.2100340 1 BF
5.0 0.2100340 0 PB
31.0 0.2104670 1 C
15.0 0.2104670 0 C
23.0 0.2104670 0 C
15.0 0.2104670 0 C
9.0 0.2104670 0 PB
8.0 0.2114290 0 BS
13.0 0.2114290 0 BS
9.0 0.2114290 0 BS
8.0 0.2114290 0 BS
12.0 0.2114290 0 BS
16.0 0.2114290 1 BS
15.0 0.2114290 0 BS
15.0 0.2114290 1 BS
11.0 0.2114290 0 BS
19.0 0.2114290 0 BS
10.0 0.2114290 0 BS
17.0 0.2114290 1 JP
31.0 0.2124180 1 JP
27.0 0.2124180 1 JP
25.0 0.2128010 0 BS
12.0 0.2128010 0 BS
8.0 0.2128010 0 PB
11.0 0.2128010 0 PB
13.0 0.2138540 1 BS
8.0 0.2138540 0 BS
30.0 0.2139550 1 JP
26.0 0.2139550 1 JP
17.0 0.2139550 0 PB
9.0 0.2140470 0 BF
8.0 0.2140470 0 BF
7.0 0.2140470 0 BF
16.0 0.2140470 0 JP
10.0 0.2144460 0 BS
11.0 0.2144460 0 BS
9.0 0.2144460 1 BS
17.0 0.2144460 1 BS
9.0 0.2144460 1 BS
10.0 0.2144460 1 JP
12.0 0.2144460 0 JP
20.0 0.2144460 0 JP
7.0 0.2149310 0 BF
7.0 0.2149310 0 BF
5.0 0.2149310 0 C
8.0 0.2149310 0 C
9.0 0.2149310 0 C
6.0 0.2149310 0 C
5.0 0.2155210 0 BF
7.0 0.2155210 0 BF
5.0 0.2155210 1 BF
5.0 0.2155210 0 BF
6.0 0.2155210 0 BF
5.0 0.2155210 0 BF
11.0 0.2155210 0 BF
5.0 0.2155210 0 BF
5.0 0.2155210 0 BS
6.0 0.2155210 0 BS
7.0 0.2159750 0 BF
8.0 0.2159750 0 BF
10.0 0.2159750 0 BF
19.0 0.2159750 1 BS
17.0 0.2159750 0 C
18.0 0.2159750 0 C
7.0 0.2159750 0 C
5.0 0.2159750 0 C
5.0 0.2160230 0 BF
11.0 0.2160230 0 BS
18.0 0.2160230 0 BS
15.0 0.2160230 0 C
27.0 0.2185600 1 A
32.0 0.2185600 1 A
16.0 0.2185600 0 BS
17.0 0.2185600 1 BS
15.0 0.2185600 0 JP
20.0 0.2185600 1 JP
15.0 0.2189360 0 BS
18.0 0.2189360 1 BS
14.0 0.2189360 0 BS
9.0 0.2189360 0 BS
21.0 0.2189360 0 PB
7.0 0.2195770 1 BF
5.0 0.2195770 1 BF
6.0 0.2195770 1 BF
8.0 0.2195770 0 BF
5.0 0.2195770 0 BF
7.0 0.2195770 0 BF
11.0 0.2195770 1 BF
11.0 0.2195770 1 BF
10.0 0.2195770 1 BF
11.0 0.2195770 1 BF
8.0 0.2195770 0 BF
7.0 0.2195770 0 PB
6.0 0.2195770 0 PB
32.0 0.2198230 1 A
12.0 0.2198230 1 BS
17.0 0.2198230 0 C
20.0 0.2198230 1 JP
25.0 0.2198230 1 JP
22.0 0.2198230 1 JP
24.0 0.2198230 1 JP
22.0 0.2198230 1 JP
29.0 0.2206920 1 A
30.0 0.2206920 1 A
30.0 0.2206920 1 A
12.0 0.2206920 0 A
12.0 0.2206920 1 BS
47.0 0.2207690 1 A
30.0 0.2207870 0 A
15.0 0.2207870 1 BF
6.0 0.2207870 0 BS
14.0 0.2207870 0 PB
16.0 0.2207870 0 PB
14.0 0.2235050 0 PB
10.0 0.2235050 0 RM
14.0 0.2235050 0 RM
17.0 0.2235050 1 RM
8.0 0.2246390 0 BF
6.0 0.2246390 1 BF
30.0 0.2246390 1 BS
6.0 0.2246390 0 PB
7.0 0.2246390 0 PB
5.0 0.2246390 0 PB
5.0 0.2246390 0 PB
8.0 0.2246390 0 PB
10.0 0.2247010 0 A
8.0 0.2247010 0 A
6.0 0.2247010 0 BF
6.0 0.2247010 0 BF
7.0 0.2247010 0 BF
26.0 0.2247010 1 C
21.0 0.2247010 1 C
10.0 0.2247010 0 PB
6.0 0.2247010 1 PB
6.0 0.2247010 0 PB
6.0 0.2247010 0 PB
34.0 0.2257860 1 A
19.0 0.2257860 0 BS
22.0 0.2257860 0 BS
12.0 0.2281300 1 A
6.0 0.2281300 0 BF
5.0 0.2281300 0 BF
18.0 0.2291010 1 JP
19.0 0.2291010 1 JP
19.0 0.2291010 0 JP
19.0 0.2291010 0 JP
11.0 0.2292070 1 BS
18.0 0.2292070 0 JP
16.0 0.2292070 1 JP
18.0 0.2292070 1 JP
18.0 0.2292070 1 JP
12.0 0.2292070 1 JP
9.0 0.2306940 0 BF
12.0 0.2306940 1 BF
14.0 0.2306940 0 PB
7.0 0.2306940 0 PB
6.0 0.2306940 1 PB
34.0 0.2322390 1 JP
17.0 0.2336630 0 BS
12.0 0.2336630 0 BS
12.0 0.2336630 0 C
17.0 0.2336630 0 PB
11.0 0.2336630 0 PB
7.0 0.2344210 0 BF
5.0 0.2344210 0 PB
17.0 0.2350150 1 BS
11.0 0.2350150 0 PB
8.0 0.2356690 0 BS
10.0 0.2356690 0 BS
12.0 0.2356690 0 BS
7.0 0.2356690 0 BS
17.0 0.2356690 0 JP
5.0 0.2356690 0 PB
6.0 0.2357220 0 BF
16.0 0.2357220 0 BF
9.0 0.2359890 0 A
6.0 0.2359890 0 BF
6.0 0.2359890 0 BF
5.0 0.2359890 0 BS
14.0 0.2359890 0 BS
12.0 0.2359890 0 BS
10.0 0.2359890 1 BS
21.0 0.2361680 0 BS
13.0 0.2361680 0 C
12.0 0.2361680 0 C
24.0 0.2361680 0 C
11.0 0.2361680 0 C
26.0 0.2361680 0 PB
14.0 0.2369640 0 A
14.0 0.2369640 1 PB
15.0 0.2369640 1 PB
24.0 0.2372640 0 BS
28.0 0.2372640 0 RM
17.0 0.2372640 0 RM
16.0 0.2373420 1 BF
8.0 0.2373420 0 BF
11.0 0.2373420 0 C
7.0 0.2373420 0 C
7.0 0.2373420 1 C
6.0 0.2373420 0 C
7.0 0.2373420 0 C
5.0 0.2373420 0 C
9.0 0.2373420 0 C
17.0 0.2391110 0 PB
32.0 0.2391110 0 PB
21.0 0.2391110 1 PB
25.0 0.2396690 1 RP
22.0 0.2397120 1 BS
30.0 0.2397120 1 JP
32.0 0.2397120 1 JP
19.0 0.2397520 0 BS
25.0 0.2397520 0 C
27.0 0.2397520 0 C
15.0 0.2397520 0 PB
27.0 0.2397520 0 PB
15.0 0.2432860 1 BS
14.0 0.2432860 0 BS
20.0 0.2432860 1 BS
16.0 0.2432860 1 BS
9.0 0.2432860 0 C
12.0 0.2439000 1 BS
15.0 0.2439000 1 JP
27.0 0.2439000 1 JP
14.0 0.2439000 0 PB
9.0 0.2439000 0 PB
8.0 0.2439000 0 PB
8.0 0.2439000 0 PB
7.0 0.2493470 0 BF
15.0 0.2493470 0 BS
14.0 0.2493470 1 BS
10.0 0.2493470 1 BS
17.0 0.2493470 0 BS
20.0 0.2493470 1 BS
29.0 0.2519110 0 BF
16.0 0.2519110 0 BS
5.0 0.2519110 0 PB
6.0 0.2519110 1 PB
8.0 0.2519110 0 PB
9.0 0.2519110 1 PB
24.0 0.2532900 0 C
18.0 0.2532900 0 C
15.0 0.2532900 0 C
9.0 0.2532900 0 PB
22.0 0.2532900 0 PB
15.0 0.2534280 0 PB
10.0 0.2534280 0 PB
10.0 0.2534280 0 PB
12.0 0.2534280 0 PB
21.0 0.2534280 0 PB
13.0 0.2534280 0 RM
13.0 0.2534280 0 RM
6.0 0.2538490 0 BF
6.0 0.2538490 0 BF
9.0 0.2538490 0 BF
20.0 0.2554500 1 BS
18.0 0.2554500 1 BS
22.0 0.2554500 1 BS
10.0 0.2555180 0 BS
17.0 0.2555180 0 BS
20.0 0.2555180 0 BS
15.0 0.2555180 0 BS
9.0 0.2555180 0 BS
12.0 0.2564760 0 PB
5.0 0.2564760 0 PB
5.0 0.2564760 0 PB
10.0 0.2564760 0 PB
16.0 0.2564760 0 RM
14.0 0.2564760 1 RM
13.0 0.2564760 0 RM
13.0 0.2564760 0 RM
6.0 0.2564760 0 RM
13.0 0.2564760 0 RM
17.0 0.2564760 1 RM
8.0 0.2567670 0 BF
13.0 0.2567670 1 BS
9.0 0.2567670 0 BS
6.0 0.2567670 0 C
15.0 0.2567670 0 PB
6.0 0.2575450 0 C
10.0 0.2575450 0 C
14.0 0.2575450 0 C
13.0 0.2575450 0 C
9.0 0.2575450 0 C
9.0 0.2575450 0 C
9.0 0.2575450 0 C
16.0 0.2575450 0 C
15.0 0.2575450 1 JP
22.0 0.2575450 1 JP
12.0 0.2587770 0 BS
9.0 0.2587770 0 BS
15.0 0.2587770 0 BS
14.0 0.2587770 0 BS
35.0 0.2587770 1 JP
10.0 0.2587770 0 PB
14.0 0.2594140 0 A
10.0 0.2594140 0 A
7.0 0.2594140 0 BF
7.0 0.2594140 0 BF
5.0 0.2594140 0 BF
7.0 0.2594140 0 BF
6.0 0.2594140 0 BF
8.0 0.2594140 0 BF
9.0 0.2594140 0 BF
10.0 0.2594140 0 BF
8.0 0.2594140 0 PB
32.0 0.2604640 1 A
33.0 0.2604640 1 A
15.0 0.2604640 1 BS
12.0 0.2604640 0 PB
52.0 0.2633160 0 RP
32.0 0.2637810 1 A
32.0 0.2637810 1 A
9.0 0.2658960 1 BF
28.0 0.2658960 1 JP
10.0 0.2660830 1 BS
21.0 0.2660830 0 JP
9.0 0.2660830 0 PB
10.5 0.2680300 0 BS
28.0 0.2680300 1 JP
27.0 0.2680300 1 JP
23.0 0.2680300 1 JP
24.0 0.2680300 1 JP
7.0 0.2682590 1 BF
5.0 0.2682590 0 BS
7.0 0.2682590 0 BS
8.0 0.2682590 0 BS
8.0 0.2682590 0 BS
6.0 0.2682590 0 BS
8.0 0.2682590 0 BS
18.0 0.2682590 1 JP
13.0 0.2682590 0 PB
21.0 0.2682590 1 PB
23.0 0.2682590 0 PB
6.0 0.2692990 1 BF
8.0 0.2692990 0 BF
8.0 0.2692990 0 BF
6.0 0.2692990 0 BF
7.0 0.2692990 0 BF
8.0 0.2692990 0 BF
5.0 0.2692990 0 PB
26.0 0.2710890 1 A
29.0 0.2710890 1 A
22.5 0.2710890 1 A
21.0 0.2710890 1 A
25.0 0.2731380 1 A
20.0 0.2731380 1 A
16.0 0.2731380 1 A
10.0 0.2731380 0 JP
26.0 0.2731380 1 JP
11.0 0.2731380 0 PB
20.0 0.2735930 0 BF
22.0 0.2735930 1 BS
25.5 0.2735930 0 PB
9.0 0.2735930 0 PB
17.0 0.2740020 1 A
16.0 0.2740020 0 A
20.0 0.2740020 1 A
17.0 0.2740020 0 A
17.0 0.2740020 0 A
21.0 0.2740020 0 A
11.0 0.2740020 1 BS
15.0 0.2740020 1 BS
20.0 0.2740020 1 JP
7.0 0.2741060 0 BF
8.0 0.2741060 0 BF
6.0 0.2741060 0 BF
7.0 0.2741060 0 BF
6.0 0.2741060 0 BF
14.0 0.2741060 1 BF
10.0 0.2741060 0 BF
10.0 0.2741060 0 BF
7.0 0.2741060 0 PB
32.0 0.2754550 0 A
12.0 0.2754550 0 BF
23.0 0.2754550 0 BS
16.0 0.2754550 1 BS
37.0 0.2754550 0 JP
12.0 0.2754550 0 RM
11.0 0.2754550 0 RM
22.0 0.2769470 1 PB
6.0 0.2796530 0 BF
25.0 0.2796530 1 BS
8.0 0.2796530 0 PB
31.0 0.2796530 0 PB
16.0 0.2796530 0 PB
11.0 0.2799840 0 BS
7.0 0.2799840 0 C
5.0 0.2799840 0 C
5.0 0.2799840 0 C
5.0 0.2799840 0 C
5.0 0.2799840 0 C
24.0 0.2799840 0 C
9.0 0.2814980 0 BF
5.0 0.2814980 0 BF
5.0 0.2814980 0 BF
5.0 0.2814980 0 BS
11.0 0.2817930 1 BF
15.0 0.2817930 1 BS
40.0 0.2817930 0 C
15.0 0.2820070 0 C
12.0 0.2820070 0 C
11.0 0.2820070 1 C
8.0 0.2820070 1 C
10.0 0.2820070 0 C
16.0 0.2820070 0 C
26.0 0.2820070 1 JP
10.0 0.2822550 0 BS
6.0 0.2834710 0 BF
5.0 0.2834710 0 BF
7.0 0.2834710 0 BF
6.0 0.2834710 0 BF
6.0 0.2834710 0 BF
5.0 0.2834710 0 BF
8.0 0.2834710 0 BF
7.0 0.2834710 0 BF
8.0 0.2834710 0 BF
6.0 0.2834710 0 BF
6.0 0.2834710 0 PB
14.0 0.2848140 1 BF
21.0 0.2848140 1 BS
11.0 0.2848140 0 PB
32.0 0.2848140 0 PB
17.0 0.2857700 1 BS
12.0 0.2857700 0 BS
19.0 0.2857700 1 BS
11.0 0.2862210 0 BS
11.0 0.2862210 1 BS
7.0 0.2862210 0 C
9.0 0.2862210 0 C
6.0 0.2862210 0 C
7.0 0.2862210 0 C
5.0 0.2862210 0 C
8.0 0.2862210 0 C
11.0 0.2862210 0 C
6.0 0.2862210 0 C
6.0 0.2862210 0 C
12.0 0.2862210 0 C
11.0 0.2862210 0 C
10.0 0.2862210 0 C
10.0 0.2862210 0 C
22.5 0.2869920 1 C
25.0 0.2869920 0 C
40.0 0.2869920 1 RP
20.0 0.2878720 0 A
9.0 0.2878720 1 BS
14.0 0.2878720 1 BS
26.0 0.2878720 0 C
24.5 0.2878720 0 C
33.0 0.2878720 1 JP
42.0 0.2878720 0 JP
31.0 0.2893390 1 A
13.0 0.2893390 1 A
20.0 0.2893390 1 A
13.0 0.2893390 1 BS
17.0 0.2893390 1 BS
8.0 0.2893390 1 PB
30.0 0.2901510 1 A
8.0 0.2901510 0 BF
6.0 0.2901510 0 BF
7.0 0.2901510 0 C
7.0 0.2901510 1 C
6.0 0.2901510 1 C
8.0 0.2905570 0 BF
7.0 0.2905570 0 BS
7.0 0.2905570 0 BS
26.0 0.2905570 1 JP
7.0 0.2905570 0 RM
18.0 0.2918640 1 A
14.0 0.2918640 1 A
19.0 0.2918640 1 A
17.0 0.2918640 1 A
25.0 0.2918640 1 JP
20.0 0.2918640 1 JP
20.0 0.2918640 1 JP
12.0 0.2918640 1 PB
10.0 0.2918640 0 PB
19.0 0.2928810 1 BS
27.0 0.2936290 0 A
31.0 0.2936290 0 A
12.0 0.2936290 0 BF
10.0 0.2936290 0 RM
10.0 0.2941950 1 BF
8.0 0.2941950 0 BS
10.0 0.2941950 1 BS
11.0 0.2941950 0 C
21.0 0.2941950 1 JP
13.0 0.2941950 0 JP
15.0 0.2941950 0 JP
23.0 0.2941950 1 JP
20.0 0.2941950 0 JP
20.0 0.2941950 0 JP
15.0 0.2941950 1 JP
19.0 0.2941950 0 JP
13.0 0.2945910 1 BS
39.0 0.2945910 1 JP
8.0 0.2951530 0 BS
10.0 0.2951530 0 PB
18.0 0.2953810 0 C
8.0 0.2953810 1 C
34.0 0.2953810 1 JP
33.0 0.2953810 1 JP
12.0 0.2962070 0 BA
16.0 0.2962070 1 BS
15.0 0.2975930 1 JP
10.0 0.2975930 1 JP
27.0 0.2975930 0 JP
18.0 0.3003210 0 A
30.0 0.3003210 0 A
12.0 0.3003210 0 BF
7.0 0.3003210 0 BF
7.0 0.3003210 0 BF
10.0 0.3003210 0 BF
12.0 0.3003210 0 PB
6.0 0.3003210 0 PB
10.0 0.3003460 0 BS
21.0 0.3003460 1 BS
31.0 0.3022690 0 BS
36.0 0.3022690 1 RP
20.0 0.3022690 1 RP
8.0 0.3033170 0 BF
7.0 0.3033170 1 BF
5.0 0.3033170 0 BF
12.0 0.3033170 0 C
15.0 0.3033170 0 C
31.0 0.3033170 0 C
10.0 0.3033170 0 C
6.0 0.3055400 0 BF
11.0 0.3055400 1 BS
20.5 0.3055400 0 C
17.0 0.3055400 0 C
22.0 0.3055400 0 C
14.0 0.3055400 0 C
31.0 0.3055400 1 JP
7.0 0.3057410 1 BF
13.0 0.3057410 1 BF
24.0 0.3057410 1 JP
8.0 0.3060050 0 BF
20.0 0.3060050 0 C
16.0 0.3068600 0 BS
28.0 0.3068600 1 BS
25.0 0.3071810 1 A
9.0 0.3071810 1 A
21.0 0.3071810 1 BF
8.0 0.3071810 1 BF
6.0 0.3071810 0 PB
18.0 0.3071810 1 RM
15.0 0.3071810 0 RM
9.0 0.3071810 0 RM
18.0 0.3071810 0 RM
8.0 0.3086750 0 BF
8.0 0.3086750 0 BF
22.0 0.3086750 0 BS
16.0 0.3091790 0 BF
19.0 0.3091790 1 BS
11.0 0.3095380 0 A
7.0 0.3095380 0 A
9.0 0.3095380 0 A
13.0 0.3095380 0 A
14.0 0.3095380 0 A
33.0 0.3095380 1 BS
13.0 0.3095380 0 BS
8.0 0.3095380 0 PB
14.0 0.3095380 0 RM
9.0 0.3107130 0 BF
14.0 0.3107130 1 BF
25.0 0.3107130 1 BS
26.0 0.3122820 1 C
25.0 0.3122820 1 C
29.0 0.3122820 0 JP
6.0 0.3133930 0 BF
6.0 0.3133930 0 BS
9.0 0.3133930 0 BS
9.0 0.3133930 0 BS
9.0 0.3133930 0 BS
14.0 0.3133930 1 BS
5.0 0.3133930 0 BS
6.0 0.3133930 0 BS
7.0 0.3133930 0 C
6.0 0.3133930 0 C
7.0 0.3133930 0 C
7.0 0.3133930 0 C
7.0 0.3133930 0 C
18.0 0.3133930 1 JP
7.0 0.3133930 0 PB
22.0 0.3134030 1 BS
9.0 0.3139630 0 BF
28.0 0.3139630 0 C
29.0 0.3139630 1 C
20.0 0.3139630 0 C
22.0 0.3139630 0 C
22.0 0.3139630 0 C
14.0 0.3139630 0 C
16.0 0.3139630 0 C
42.0 0.3139630 0 C
17.0 0.3140970 0 BS
25.0 0.3140970 0 C
28.0 0.3140970 0 C
23.0 0.3140970 0 C
24.0 0.3140970 0 C
17.0 0.3140970 0 C
18.0 0.3140970 1 JP
20.0 0.3150730 0 BS
6.0 0.3150730 0 PB
24.0 0.3150730 0 RM
11.0 0.3150730 0 RM
16.0 0.3150730 0 RM
17.0 0.3153390 0 PB
23.0 0.3153390 0 PB
14.0 0.3163430 0 BS
17.0 0.3163430 1 BS
12.0 0.3163430 1 BS
14.0 0.3163430 1 BS
10.0 0.3163430 1 BS
7.0 0.3163430 1 BS
12.0 0.3163430 1 BS
12.0 0.3163430 1 BS
8.0 0.3163430 1 BS
14.0 0.3163430 0 BS
7.5 0.3205630 1 BF
9.5 0.3205630 1 BF
13.0 0.3212580 0 BF
13.0 0.3212580 1 BF
13.0 0.3212580 0 BF
10.0 0.3212580 0 BF
13.0 0.3212580 0 BS
15.0 0.3212580 0 BS
16.0 0.3212580 1 BS
29.0 0.3212580 1 JP
10.0 0.3212580 0 PB
17.0 0.3234770 1 A
19.0 0.3234770 1 A
21.0 0.3234770 1 A
25.0 0.3234770 1 A
14.0 0.3234770 1 A
10.0 0.3234770 1 BF
9.0 0.3234770 1 BF
18.0 0.3234770 1 JP
14.0 0.3275420 0 BF
15.0 0.3275420 1 BF
9.0 0.3275420 0 BS
13.0 0.3275420 0 BS
21.0 0.3275420 1 BS
10.0 0.3275420 0 BS
16.0 0.3275420 1 BS
24.0 0.3278690 1 BS
5.0 0.3278690 0 BS
9.0 0.3278690 0 BS
8.0 0.3278690 0 BS
7.0 0.3278690 0 BS
21.0 0.3278690 0 JP
22.0 0.3294120 0 A
16.0 0.3294120 0 A
7.0 0.3294120 0 PB
7.0 0.3296820 1 BF
32.0 0.3296820 1 BS
14.0 0.3300040 0 RM
10.0 0.3300040 0 RM
14.0 0.3300040 0 RM
29.0 0.3300040 0 RM
6.0 0.3300040 0 RM
18.0 0.3301000 0 RM
24.0 0.3301000 0 RM
26.0 0.3304770 1 JP
20.0 0.3304770 1 JP
10.0 0.3304770 0 PB
12.0 0.3304770 0 PB
12.0 0.3304770 0 PB
9.0 0.3304770 0 PB
19.0 0.3306440 1 A
16.0 0.3306440 1 BF
15.0 0.3306440 1 BF
23.0 0.3306440 0 C
14.0 0.3306440 0 C
10.0 0.3306440 0 C
5.0 0.3306440 0 C
5.0 0.3306440 0 PB
15.0 0.3324740 0 A
7.0 0.3324740 0 A
10.0 0.3324740 0 A
13.0 0.3324740 0 A
11.0 0.3324740 0 A
8.0 0.3324740 0 A
15.0 0.3324740 1 BF
27.0 0.3329170 1 BS
10.0 0.3329170 0 C
35.0 0.3334070 1 A
9.0 0.3334070 1 BF
7.0 0.3334070 0 BF
8.0 0.3334070 1 BF
5.0 0.3334070 0 BF
16.0 0.3334070 0 C
16.0 0.3339220 1 A
32.0 0.3339220 1 BS
8.0 0.3339220 0 PB
7.0 0.3339220 0 RM
23.0 0.3341510 1 BF
37.5 0.3341510 1 JP
25.5 0.3341510 1 JP
5.0 0.3356790 0 BF
18.0 0.3356790 0 C
41.0 0.3356790 0 C
30.0 0.3356790 1 JP
25.0 0.3356790 1 JP
8.0 0.3364810 0 BF
9.0 0.3364810 1 BF
11.0 0.3364810 0 BF
13.0 0.3364810 1 BF
10.0 0.3364810 0 BS
12.0 0.3364810 1 BS
23.0 0.3364810 1 JP
18.0 0.3364810 1 JP
35.0 0.3364810 1 JP
5.0 0.3383760 0 A
7.0 0.3383760 0 BF
7.0 0.3383760 0 BF
6.0 0.3383760 0 BF
5.0 0.3383760 0 BF
6.0 0.3383760 0 BF
6.0 0.3383760 0 BF
7.0 0.3383760 0 BF
5.0 0.3383760 0 BF
5.0 0.3383760 0 BF
9.0 0.3383760 0 BF
5.0 0.3383760 1 BF
10.0 0.3383760 1 BF
6.0 0.3383760 0 BF
6.0 0.3383760 0 PB
6.0 0.3417990 0 BF
7.0 0.3417990 0 BF
18.0 0.3417990 0 BS
13.0 0.3417990 0 BS
21.0 0.3417990 1 BS
18.0 0.3417990 0 BS
11.0 0.3422390 1 BS
13.0 0.3422390 0 PB
25.0 0.3429150 1 A
15.0 0.3429150 1 A
30.0 0.3429150 1 A
28.0 0.3429150 1 A
30.0 0.3429150 0 A
24.0 0.3429150 1 A
15.0 0.3429150 1 A
13.0 0.3429150 1 BF
5.0 0.3445170 0 BF
6.0 0.3445170 0 BF
13.0 0.3445170 0 BS
17.0 0.3445170 0 JP
22.0 0.3454720 0 JP
30.0 0.3454720 1 JP
16.0 0.3454720 0 JP
16.0 0.3454720 0 JP
21.0 0.3454720 0 JP
14.0 0.3454720 0 JP
18.0 0.3454720 0 JP
10.0 0.3462580 1 PB
13.0 0.3462580 1 PB
27.0 0.3466700 1 JP
22.0 0.3466700 1 JP
32.5 0.3466700 1 JP
8.0 0.3474610 1 BS
11.0 0.3474610 1 BS
14.0 0.3474610 1 BS
15.0 0.3519040 0 BS
12.0 0.3519040 0 PB
10.0 0.3519040 0 RM
12.0 0.3519040 0 RM
11.0 0.3519040 0 RM
6.0 0.3524600 0 BF
6.0 0.3524600 0 BF
5.0 0.3524600 0 BF
8.0 0.3524600 0 RM
32.0 0.3545820 1 A
6.0 0.3545820 0 BF
5.0 0.3545820 0 BF
22.0 0.3545820 0 C
14.0 0.3545820 0 C
18.0 0.3545820 0 C
17.0 0.3545820 0 C
38.0 0.3545820 0 C
12.0 0.3545820 0 C
18.0 0.3567870 1 BF
10.0 0.3567870 0 BF
8.0 0.3567870 0 BF
7.0 0.3567870 0 BF
7.0 0.3567870 0 PB
49.5 0.3568030 1 RP
28.0 0.3569740 1 A
10.0 0.3569740 1 BS
31.0 0.3573800 1 A
23.0 0.3573800 1 A
29.0 0.3573800 1 A
5.0 0.3573800 0 BF
5.0 0.3573800 0 BF
17.0 0.3582910 0 BS
6.0 0.3582910 0 PB
8.0 0.3587130 0 BF
12.0 0.3587130 0 C
14.0 0.3587130 0 C
15.0 0.3587130 0 C
12.0 0.3587130 0 C
17.0 0.3587130 0 C
15.0 0.3587130 0 C
15.0 0.3594440 1 BF
27.0 0.3594440 1 BS
18.0 0.3594440 0 BS
14.0 0.3594440 1 BS
12.0 0.3594440 0 PB
10.0 0.3596940 0 BS
14.0 0.3596940 0 PB
19.0 0.3596940 0 PB
13.0 0.3596940 0 PB
31.0 0.3603570 1 JP
22.0 0.3603570 1 JP
10.0 0.3603570 0 PB
12.0 0.3605700 0 BF
13.0 0.3605700 0 BF
30.0 0.3605700 1 BS
5.0 0.3605700 0 RM
29.0 0.3627570 1 JP
25.0 0.3627570 1 JP
14.0 0.3627570 0 PB
13.0 0.3629100 1 A
18.0 0.3629100 0 A
12.0 0.3629100 0 A
9.0 0.3629100 0 A
12.0 0.3629100 0 A
11.0 0.3629100 0 A
10.0 0.3629100 0 A
8.0 0.3629100 0 BF
24.0 0.3635740 1 A
8.0 0.3635740 0 BF
7.0 0.3635740 0 BF
10.0 0.3642610 1 BF
5.0 0.3642610 0 BF
7.0 0.3642610 1 BF
29.0 0.3645360 1 JP
14.0 0.3645360 1 JP
10.0 0.3661720 0 BF
7.0 0.3661720 0 BF
7.0 0.3661720 0 BF
6.0 0.3661720 0 BF
5.0 0.3661720 0 BF
6.0 0.3661720 0 BF
7.0 0.3661720 0 BF
13.0 0.3673160 1 A
13.0 0.3673160 1 BF
7.0 0.3673160 0 BS
25.0 0.3673160 1 JP
16.0 0.3673160 1 JP
9.0 0.3673160 0 PB
17.0 0.3673500 1 BF
15.0 0.3673500 1 BS
19.0 0.3673500 1 BS
27.0 0.3673500 1 JP
20.0 0.3673500 0 PB
12.0 0.3674630 1 BF
15.0 0.3674630 0 BS
8.0 0.3674630 1 BS
33.0 0.3700800 1 A
13.0 0.3758130 1 BF
13.0 0.3758130 1 BS
13.0 0.3758130 0 BS
15.0 0.3758130 1 BS
8.0 0.3758130 1 BS
8.0 0.3758130 1 BS
8.0 0.3758130 1 BS
26.0 0.3758130 1 JP
11.0 0.3762970 1 BF
17.0 0.3762970 1 BS
12.0 0.3762970 0 BS
14.0 0.3762970 1 BS
7.0 0.3762970 1 C
10.0 0.3762970 0 C
20.0 0.3762970 1 JP
31.0 0.3762970 1 JP
9.0 0.3782160 0 BF
19.0 0.3782160 0 BS
19.0 0.3782160 1 BS
33.0 0.3782160 1 JP
14.0 0.3782160 0 PB
12.0 0.3782160 0 PB
6.0 0.3782160 1 PB
7.0 0.3798720 0 BF
7.0 0.3798720 0 BF
5.0 0.3798720 0 BF
7.0 0.3798720 0 BF
7.0 0.3798720 0 BF
5.0 0.3798720 0 BF
5.0 0.3798720 0 BF
5.0 0.3798720 0 BF
7.0 0.3798720 0 BF
7.0 0.3798720 0 BF
5.0 0.3798720 0 BF
7.0 0.3798720 0 BS
8.0 0.3798720 1 BS
14.0 0.3798720 0 BS
6.0 0.3803030 0 BF
10.0 0.3803030 0 PB
18.0 0.3803030 0 PB
21.0 0.3812720 1 RP
11.0 0.3814650 1 BF
15.0 0.3814650 1 BS
35.5 0.3814650 1 JP
40.0 0.3814650 1 RP
26.0 0.3814650 1 RP
44.0 0.3814650 1 RP
31.5 0.3814650 1 RP
8.0 0.3817020 0 BF
7.0 0.3817020 0 BF
12.0 0.3817020 0 BS
7.0 0.3817020 1 PB
7.0 0.3817020 1 PB
7.0 0.3817020 0 PB
10.0 0.3822600 0 BF
9.0 0.3822600 0 BF
14.0 0.3822600 0 PB
6.0 0.3828290 0 A
32.0 0.3828290 0 A
6.0 0.3828290 0 BF
7.0 0.3828290 0 BF
23.0 0.3828290 0 BS
14.0 0.3829700 0 BS
15.0 0.3829700 0 BS
20.0 0.3829700 0 BS
16.0 0.3829700 0 BS
18.0 0.3829700 1 BS
15.0 0.3829700 0 C
16.0 0.3829700 0 C
23.0 0.3829700 0 C
19.0 0.3829700 0 C
12.0 0.3829700 0 C
34.0 0.3829700 0 JP
39.0 0.3829700 1 JP
20.0 0.3829700 1 JP
15.0 0.3848900 1 BS
19.0 0.3848900 0 PB
19.0 0.3848900 0 PB
11.0 0.3848900 0 PB
29.0 0.3849800 1 BF
21.0 0.3849800 0 PB
15.0 0.3849800 0 PB
11.0 0.3868720 0 A
8.0 0.3868720 0 BF
5.0 0.3868720 0 BF
7.0 0.3868720 0 BF
8.0 0.3868720 0 BF
9.0 0.3868720 0 BF
19.0 0.3878640 1 BS
23.0 0.3878640 1 BS
27.0 0.3878640 0 C
13.0 0.3878640 0 C
20.0 0.3878640 0 C
15.0 0.3878640 0 C
27.0 0.3878640 1 JP
25.0 0.3878640 1 JP
19.0 0.3878640 0 PB
18.0 0.3880310 1 A
22.0 0.3880310 1 A
14.0 0.3880310 1 BS
12.0 0.3880310 1 JP
17.0 0.3880310 1 JP
13.0 0.3912780 1 BF
15.0 0.3912780 1 BF
22.0 0.3912780 1 BS
13.0 0.3918010 1 BF
15.0 0.3918010 1 BF
10.0 0.3918010 1 BF
12.0 0.3918010 1 BF
17.0 0.3918010 1 BF
32.0 0.3919970 1 A
25.0 0.3919970 1 A
14.0 0.3919970 1 BS
11.0 0.3919970 1 BS
13.0 0.3919970 1 BS
12.0 0.3919970 1 BS
18.0 0.3919970 1 JP
30.0 0.3919970 1 JP
11.0 0.3919970 1 PB
14.0 0.3919970 0 PB
35.0 0.3924870 1 A
25.0 0.3924870 1 A
31.0 0.3924870 1 A
14.0 0.3929830 0 BA
8.0 0.3929830 0 BA
7.0 0.3929830 0 BA
14.0 0.3931570 1 C
31.0 0.3931570 0 PB
20.0 0.3933690 0 C
23.0 0.3933690 0 C
31.0 0.3933690 1 JP
30.0 0.3933690 1 JP
7.0 0.3933690 0 PB
15.0 0.3938770 1 A
18.0 0.3938770 1 A
19.0 0.3938770 1 A
19.0 0.3938770 1 A
14.0 0.3938770 1 A
14.0 0.3938770 1 BS
17.0 0.3946740 1 BS
39.0 0.3946740 1 JP
8.0 0.3948980 0 BF
6.0 0.3948980 0 BF
6.0 0.3948980 0 BF
5.0 0.3948980 0 BF
14.0 0.3948980 1 BS
6.0 0.3948980 0 PB
11.0 0.3948980 0 RM
14.0 0.3955170 0 BS
8.0 0.3955170 0 PB
19.0 0.3960300 0 BA
13.0 0.3960300 0 BA
18.0 0.3960300 0 BA
10.0 0.3960300 0 BA
14.0 0.3960300 0 BA
35.0 0.3986710 1 A
14.0 0.3986710 1 A
29.0 0.3986710 1 A
30.0 0.3986710 1 A
13.0 0.3986710 0 BF
18.0 0.3986710 0 PB
21.0 0.4001600 1 A
29.0 0.4001600 1 JP
22.5 0.4001600 1 JP
38.0 0.4001600 1 JP
20.0 0.4003490 0 C
17.0 0.4003490 0 C
27.0 0.4003490 0 C
30.0 0.4003490 0 C
20.0 0.4003490 0 PB
23.0 0.4003490 0 PB
10.0 0.4008670 0 A
12.0 0.4008670 0 BF
11.0 0.4008670 0 BF
14.0 0.4008670 0 BF
7.0 0.4008670 0 BF
7.0 0.4008670 0 BS
33.0 0.4021300 1 A
54.0 0.4021300 1 A
5.0 0.4025280 0 BF
7.0 0.4025280 0 BF
7.0 0.4025280 0 BF
6.0 0.4025280 0 BF
12.0 0.4025280 0 BS
6.0 0.4025280 0 BS
6.0 0.4025280 0 BS
28.0 0.4037940 0 A
26.0 0.4037940 0 A
7.0 0.4037940 1 BF
10.0 0.4037940 1 BS
15.0 0.4037940 1 BS
8.0 0.4047680 0 BF
25.0 0.4047680 1 PB
7.0 0.4048330 0 BF
15.0 0.4048330 1 BS
5.0 0.4048330 0 BS
7.0 0.4048330 0 BS
8.0 0.4048330 0 BS
8.0 0.4048330 0 BS
7.0 0.4048330 0 BS
15.0 0.4049330 0 A
11.0 0.4049330 0 BF
12.0 0.4049330 0 PB
10.0 0.4049330 0 PB
10.0 0.4049330 0 PB
8.0 0.4049330 0 PB
5.0 0.4049330 1 PB
14.5 0.4057130 1 BS
13.0 0.4057130 0 C
10.5 0.4057130 0 PB
9.5 0.4057130 0 PB
30.0 0.4059540 1 A
24.0 0.4059540 1 A
28.0 0.4059540 1 BS
16.0 0.4059540 1 BS
21.0 0.4059540 0 C
8.0 0.4065810 1 BF
9.0 0.4065810 0 BS
30.0 0.4065810 0 JP
28.0 0.4065810 0 JP
9.0 0.4065810 0 PB
5.0 0.4065810 0 RM
12.0 0.4066130 1 BF
8.0 0.4066130 0 BF
21.0 0.4066130 1 BS
15.0 0.4066130 1 BS
16.0 0.4067810 1 A
15.0 0.4067810 1 BF
6.0 0.4067810 1 BF
10.0 0.4067810 1 BF
8.0 0.4067810 1 BF
10.0 0.4067810 1 BF
26.0 0.4080820 1 A
24.0 0.4080820 1 A
22.0 0.4080820 1 A
26.0 0.4080820 1 A
24.0 0.4087650 1 JP
23.5 0.4087650 1 JP
17.0 0.4087650 0 PB
14.5 0.4087650 0 PB
21.0 0.4093360 1 BS
10.0 0.4093360 1 BS
14.0 0.4093360 1 BS
15.0 0.4093360 1 BS
15.0 0.4093360 0 C
14.5 0.4093360 0 C
39.5 0.4093360 1 RP
34.5 0.4093360 1 RP
13.0 0.4098260 1 BS
17.0 0.4098260 1 BS
36.0 0.4098260 1 JP
27.0 0.4098260 1 JP
32.0 0.4098260 1 JP
8.0 0.4163450 0 BF
12.0 0.4163450 0 BS
24.0 0.4163450 1 JP
16.0 0.4163450 1 JP
13.0 0.4163450 1 JP
12.0 0.4163450 0 JP
17.0 0.4163450 0 JP
14.0 0.4163450 1 JP
17.0 0.4163450 1 JP
17.0 0.4163450 0 JP
12.0 0.4176900 1 BS
12.0 0.4176900 1 BS
20.0 0.4176900 1 JP
25.0 0.4176900 1 JP
7.0 0.4205980 0 BF
7.0 0.4205980 0 BF
17.0 0.4205980 0 BS
24.0 0.4235240 1 BS
9.0 0.4238810 0 BS
14.0 0.4238810 0 JP
17.0 0.4239000 1 BS
21.0 0.4239000 1 BS
17.0 0.4239000 1 BS
22.0 0.4239000 0 BS
20.5 0.4239000 0 PB
27.0 0.4239000 0 PB
8.0 0.4254590 0 BF
8.0 0.4254590 0 BS
10.0 0.4256690 1 BF
17.0 0.4256690 1 BS
33.0 0.4256690 1 JP
20.0 0.4258800 1 BS
27.0 0.4258800 1 JP
13.0 0.4258800 1 JP
7.0 0.4291140 0 BF
22.0 0.4291140 0 PB
11.5 0.4293050 1 BF
13.5 0.4293050 1 BF
37.5 0.4293050 1 JP
44.0 0.4293050 1 JP
39.0 0.4293050 1 JP
15.5 0.4293050 0 PB
13.0 0.4313860 0 BS
12.0 0.4313860 1 BS
10.0 0.4313860 0 C
17.0 0.4313860 0 C
8.0 0.4313860 0 C
10.0 0.4313860 0 C
9.0 0.4313860 0 C
8.0 0.4313860 0 C
7.0 0.4313860 0 PB
9.0 0.4314160 1 BS
9.0 0.4314160 0 BS
16.0 0.4314160 1 BS
5.0 0.4314160 0 C
7.0 0.4314160 0 C
11.0 0.4314160 0 C
12.0 0.4314160 0 C
13.0 0.4314160 0 C
9.0 0.4314160 0 C
8.0 0.4314160 0 C
15.0 0.4349760 1 BF
14.0 0.4352120 1 BA
10.0 0.4352120 0 BF
7.0 0.4352120 0 BF
8.0 0.4352120 0 BF
20.0 0.4352120 1 BS
8.0 0.4352120 0 PB
13.0 0.4352120 0 PB
6.0 0.4352120 0 RM
12.0 0.4374520 1 BS
10.0 0.4374520 1 BS
15.0 0.4374520 1 BS
10.0 0.4374520 0 BS
7.0 0.4374520 0 BS
6.0 0.4374520 0 BS
18.0 0.4374520 1 BS
32.0 0.4374520 1 JP
16.0 0.4380730 1 BS
17.0 0.4380730 1 BS
6.0 0.4380730 0 PB
6.0 0.4380730 0 PB
14.0 0.4380730 1 PB
20.0 0.4380730 1 PB
14.0 0.4380730 0 PB
22.0 0.4380730 1 PB
12.0 0.4380730 1 PB
5.0 0.4393440 0 PB
26.0 0.4413330 1 A
14.0 0.4416350 0 BF
13.0 0.4416350 1 BS
20.0 0.4416350 1 BS
15.0 0.4416350 1 BS
6.0 0.4416350 0 BS
22.0 0.4416350 0 C
23.0 0.4416350 1 JP
32.0 0.4416350 0 JP
15.0 0.4416350 1 JP
27.0 0.4416350 1 JP
8.0 0.4416350 0 PB
9.0 0.4416350 1 PB
8.0 0.4435070 0 BS
8.0 0.4435070 1 BS
11.0 0.4435070 1 BS
11.0 0.4435070 0 C
9.0 0.4435070 0 C
9.0 0.4435070 0 C
8.0 0.4435070 0 C
17.0 0.4435070 1 C
10.0 0.4435070 0 C
12.0 0.4435070 0 C
11.0 0.4435070 0 PB
26.0 0.4439800 1 A
24.0 0.4439800 1 A
19.0 0.4439800 1 A
8.0 0.4439800 0 BF
11.0 0.4439800 1 BS
14.0 0.4447470 1 BS
12.0 0.4447470 1 BS
16.0 0.4447470 0 PB
10.0 0.4447470 0 PB
7.0 0.4454530 0 BS
11.0 0.4454530 0 C
29.0 0.4454530 0 C
20.0 0.4454530 0 C
11.0 0.4454530 0 C
16.0 0.4454530 0 C
12.0 0.4454530 0 C
16.0 0.4459930 0 BS
16.0 0.4459930 1 JP
29.0 0.4459930 0 PB
11.0 0.4480480 0 BF
16.0 0.4480480 1 BF
7.0 0.4480480 0 BF
8.0 0.4480480 0 PB
14.0 0.4490210 1 A
16.0 0.4490210 1 A
16.0 0.4490210 1 A
10.0 0.4496270 0 BF
15.0 0.4496270 1 BS
22.0 0.4496270 0 BS
22.0 0.4496270 0 RM
13.0 0.4496270 0 RM
8.0 0.4508350 1 BF
5.0 0.4508350 0 BF
7.0 0.4508350 1 BF
9.0 0.4508350 0 BF
17.0 0.4508350 1 BS
17.0 0.4508350 1 JP
17.0 0.4531020 1 A
21.0 0.4531020 1 JP
25.0 0.4531020 1 JP
13.0 0.4531020 1 JP
20.0 0.4531020 1 JP
15.0 0.4531020 1 JP
21.0 0.4531020 1 JP
18.0 0.4531020 1 JP
10.0 0.4531020 0 PB
7.0 0.4559020 1 BF
10.0 0.4559020 0 PB
10.0 0.4574600 0 BS
11.0 0.4574600 0 BS
11.0 0.4574600 0 BS
8.0 0.4574600 1 BS
29.0 0.4574600 0 JP
24.0 0.4574600 0 JP
23.0 0.4574600 1 JP
15.0 0.4574880 1 A
21.0 0.4574880 1 A
13.0 0.4574880 1 A
15.0 0.4574880 1 A
19.0 0.4574880 1 A
20.0 0.4574880 1 A
27.0 0.4574880 1 A
17.0 0.4594060 1 BF
17.0 0.4594060 0 BS
15.0 0.4594060 1 BS
30.0 0.4594060 1 BS
9.0 0.4594060 0 BS
16.0 0.4613660 0 BS
15.0 0.4613660 1 BS
14.0 0.4613660 0 BS
14.0 0.4613660 1 BS
17.0 0.4613660 1 BS
18.0 0.4613660 1 JP
35.0 0.4613660 1 JP
27.0 0.4613660 0 JP
10.0 0.4616740 0 BS
6.0 0.4616740 1 C
30.0 0.4616740 1 JP
18.0 0.4616740 1 JP
27.0 0.4616740 1 JP
13.0 0.4616740 1 JP
26.0 0.4616740 1 JP
8.0 0.4652980 1 BS
6.0 0.4652980 0 BS
20.0 0.4652980 1 PB
25.0 0.4652980 1 PB
17.0 0.4661550 1 BF
5.0 0.4661550 1 BF
5.0 0.4661550 0 BF
6.0 0.4661550 0 BF
7.0 0.4661550 0 BS
14.0 0.4661550 0 PB
10.0 0.4671570 1 BS
11.0 0.4671570 1 BS
20.0 0.4671570 1 BS
16.0 0.4671570 1 BS
28.0 0.4671570 1 JP
6.0 0.4671570 1 PB
6.0 0.4671570 0 PB
9.0 0.4673010 1 BF
13.0 0.4673010 1 BF
10.0 0.4673010 1 BF
23.0 0.4673010 0 C
12.0 0.4673010 0 C
5.0 0.4695940 0 BF
20.0 0.4695940 1 BF
26.0 0.4695940 0 PB
17.0 0.4698300 1 BS
12.0 0.4698300 0 C
5.0 0.4698300 0 C
43.0 0.4698300 1 RP
34.0 0.4698300 1 RP
13.0 0.4698710 1 BF
10.0 0.4698710 0 BS
20.0 0.4698710 0 BS
11.0 0.4698710 1 BS
11.0 0.4698710 0 C
18.0 0.4698710 0 C
12.0 0.4698710 0 JP
22.0 0.4698710 0 JP
18.0 0.4698710 0 JP
12.0 0.4698710 0 JP
23.0 0.4698710 0 JP
20.0 0.4698710 0 JP
9.0 0.4699870 1 BF
12.0 0.4699870 1 BS
12.0 0.4699870 1 BS
10.0 0.4699870 1 BS
18.0 0.4699870 1 BS
11.0 0.4699870 0 PB
46.0 0.4706670 1 A
40.0 0.4706670 1 A
14.0 0.4706670 0 BS
20.0 0.4706670 0 BS
16.0 0.4706670 1 BS
22.0 0.4751690 1 BF
8.0 0.4753460 0 PB
7.0 0.4753460 0 PB
8.0 0.4753460 0 PB
7.0 0.4753460 0 PB
8.0 0.4753460 0 PB
9.0 0.4753460 0 PB
7.0 0.4753460 0 PB
5.0 0.4753460 0 PB
7.0 0.4753460 0 PB
9.0 0.4753460 0 PB
5.0 0.4753460 0 PB
11.0 0.4753460 0 PB
8.0 0.4761060 0 BF
9.0 0.4761060 0 BF
7.0 0.4761060 1 BF
15.0 0.4761060 0 BS
29.0 0.4761060 1 JP
8.0 0.4761060 0 PB
10.0 0.4761060 0 PB
9.0 0.4761060 0 PB
25.0 0.4763510 1 BS
13.0 0.4763510 1 C
26.0 0.4763510 1 JP
30.0 0.4763510 1 JP
16.0 0.4763510 1 JP
30.0 0.4772660 1 BS
23.0 0.4772660 1 BS
35.0 0.4772660 1 BS
16.0 0.4772660 1 BS
17.0 0.4772660 1 JP
5.0 0.4784740 0 BF
10.0 0.4784740 0 BF
30.0 0.4791980 1 JP
10.0 0.4805540 1 BF
20.0 0.4805540 1 BS
16.0 0.4805540 1 BS
20.0 0.4805540 1 BS
10.0 0.4814440 0 BF
6.0 0.4814440 0 BF
8.0 0.4814440 0 BF
8.0 0.4814440 0 BF
29.0 0.4814440 1 BS
13.0 0.4814440 0 BS
23.0 0.4814440 0 BS
8.0 0.4814440 0 BS
8.0 0.4814440 0 BS
8.0 0.4814440 0 BS
6.0 0.4814440 0 BS
5.0 0.4814440 0 BS
6.0 0.4814440 0 PB
5.0 0.4814440 0 PB
14.0 0.4819490 1 BS
30.0 0.4819490 1 JP
31.0 0.4819490 1 JP
30.0 0.4828040 0 PB
58.0 0.4828040 1 RP
35.0 0.4834390 1 RP
17.0 0.4836640 1 BS
18.0 0.4836640 1 BS
19.0 0.4836640 1 BS
9.0 0.4836640 0 PB
7.0 0.4836640 0 RM
17.0 0.4856570 1 BS
27.0 0.4856570 0 C
14.0 0.4857250 1 BS
19.0 0.4857250 0 BS
9.0 0.4857250 1 BS
10.0 0.4857250 0 BS
12.0 0.4857250 0 BS
33.0 0.4857250 1 JP
16.0 0.4857250 0 PB
9.0 0.4879860 1 C
7.0 0.4879860 0 C
10.0 0.4879860 0 PB
12.0 0.4879860 0 PB
13.0 0.4879860 0 PB
6.0 0.4879860 0 PB
11.0 0.4880890 1 BF
11.0 0.4880890 1 BS
10.0 0.4880890 1 BS
34.0 0.4880890 1 RP
41.0 0.4886230 1 A
39.0 0.4886230 1 A
18.0 0.4886230 1 BF
16.0 0.4886230 0 PB
19.5 0.4910770 1 BF
20.0 0.4910770 1 BF
13.5 0.4910770 1 BF
14.0 0.4910770 1 BF
16.0 0.4910770 0 BF
19.5 0.4910770 1 JP
27.0 0.4910770 1 JP
24.0 0.4910770 1 JP
29.0 0.4910770 1 JP
29.0 0.4910770 1 JP
35.0 0.4910770 1 JP
20.5 0.4910770 1 JP
85.0 0.4914700 0 RP
13.0 0.4918290 1 BS
12.0 0.4918290 1 BS
9.0 0.4918290 0 BS
15.0 0.4918290 1 BS
17.0 0.4918290 1 BS
16.0 0.4918290 0 BS
12.0 0.4918290 1 BS
13.0 0.4925160 1 BS
13.0 0.4925160 1 BS
17.0 0.4925160 1 JP
15.0 0.4925160 1 JP
17.0 0.4925160 1 JP
23.0 0.4925160 1 JP
18.0 0.4925160 1 JP
15.0 0.4925160 1 JP
9.0 0.4925160 1 JP
36.0 0.4940130 1 RP
8.0 0.4944000 0 BS
8.0 0.4944000 1 BS
7.0 0.4944000 0 BS
22.0 0.4946900 0 C
20.0 0.4946900 0 C
38.0 0.4954550 1 JP
10.0 0.4954550 1 JP
30.0 0.4954550 1 JP
7.0 0.4954550 0 PB
11.5 0.4970460 1 BS
11.5 0.4970460 0 BS
9.0 0.5005780 0 BF
9.0 0.5005780 0 JP
8.0 0.5008870 1 BF
6.0 0.5008870 0 BF
15.0 0.5008870 1 BS
23.0 0.5008870 0 BS
17.0 0.5008870 0 BS
7.0 0.5008870 1 PB
6.0 0.5010320 0 BF
7.0 0.5010320 0 BF
12.0 0.5010320 1 BF
7.0 0.5010320 0 BS
19.0 0.5010320 1 BS
20.0 0.5010320 1 BS
5.0 0.5010320 0 BS
7.0 0.5010320 1 BS
5.0 0.5010320 0 PB
5.0 0.5010320 0 PB
6.0 0.5010320 0 PB
13.0 0.5011100 1 JP
16.0 0.5011100 1 JP
24.0 0.5011100 1 JP
29.0 0.5011100 1 JP
15.0 0.5011100 1 JP
16.0 0.5011100 1 JP
19.0 0.5011100 1 JP
13.0 0.5024870 1 BF
15.0 0.5024870 0 BS
17.0 0.5029340 1 BS
31.0 0.5029630 1 JP
10.0 0.5037220 0 A
15.0 0.5037220 0 A
14.0 0.5037220 1 BF
8.0 0.5037220 0 PB
19.0 0.5058670 0 C
36.0 0.5058670 0 C
19.0 0.5058670 0 C
19.0 0.5058670 1 C
18.0 0.5058670 0 C
15.0 0.5066570 1 BS
10.0 0.5066570 1 PB
14.0 0.5075740 1 BS
11.0 0.5075740 1 BS
11.0 0.5075740 1 BS
15.0 0.5075740 1 BS
35.0 0.5075740 1 JP
13.0 0.5075740 0 PB
12.0 0.5075740 0 PB
27.0 0.5080170 1 A
22.0 0.5080170 1 BS
30.0 0.5080170 1 JP
15.0 0.5080170 1 JP
27.0 0.5080170 1 JP
25.0 0.5080170 1 JP
45.0 0.5086720 1 A
49.0 0.5086720 1 A
17.0 0.5086720 0 BF
12.0 0.5086720 1 BF
14.0 0.5086720 1 BS
12.0 0.5086720 0 PB
13.0 0.5086720 0 PB
18.0 0.5086720 1 PB
37.0 0.5113760 0 A
9.0 0.5113760 0 BF
5.0 0.5113760 0 BF
10.0 0.5122480 1 BF
8.0 0.5122480 0 BS
7.0 0.5122480 0 BS
7.0 0.5122480 1 BS
17.0 0.5122480 1 BS
18.0 0.5122480 1 BS
15.0 0.5122480 1 BS
15.0 0.5122480 1 BS
22.0 0.5122480 1 BS
9.0 0.5122480 0 C
9.0 0.5122480 0 PB
30.0 0.5127130 0 A
20.0 0.5127130 1 BS
24.0 0.5149150 1 BS
14.0 0.5149150 1 BS
10.0 0.5149150 1 BS
12.0 0.5149150 0 PB
10.0 0.5149150 1 PB
12.0 0.5149150 1 PB
25.0 0.5158100 1 A
14.0 0.5158100 1 A
10.0 0.5158100 1 BF
12.0 0.5158100 0 BS
14.0 0.5158100 0 BS
20.0 0.5158100 1 JP
21.0 0.5158100 1 JP
8.0 0.5158100 0 PB
22.0 0.5167600 1 A
15.0 0.5167600 1 BS
24.0 0.5167600 1 JP
11.0 0.5167600 1 JP
24.0 0.5167600 1 JP
23.0 0.5167600 1 JP
32.0 0.5171770 1 JP
41.0 0.5171770 1 JP
10.0 0.5173810 1 BS
5.0 0.5173810 0 BS
12.0 0.5209450 0 BS
12.0 0.5209450 0 PB
25.0 0.5224300 1 A
16.0 0.5224530 1 BF
18.0 0.5224530 1 BS
27.0 0.5224530 1 BS
12.0 0.5224530 1 BS
25.0 0.5224530 1 JP
22.0 0.5224530 1 JP
22.0 0.5224530 1 JP
7.0 0.5226570 0 BF
9.0 0.5226570 1 BS
11.0 0.5226570 1 BS
17.0 0.5226570 1 JP
5.0 0.5226570 0 PB
18.0 0.5233700 1 BS
13.0 0.5233700 1 JP
25.0 0.5233700 1 JP
29.0 0.5233700 1 JP
10.0 0.5233700 0 PB
13.0 0.5233700 1 PB
9.0 0.5233700 0 PB
15.0 0.5233700 0 PB
12.0 0.5251260 1 BF
16.0 0.5251260 1 BS
20.0 0.5251260 1 BS
22.0 0.5251260 1 JP
26.0 0.5251260 0 JP
32.0 0.5251260 1 JP
26.0 0.5251260 1 JP
22.0 0.5286960 1 JP
22.0 0.5286960 1 JP
19.0 0.5286960 1 JP
26.5 0.5286960 1 JP
8.0 0.5297680 0 C
13.0 0.5297680 0 C
15.0 0.5297680 1 C
29.0 0.5297680 1 JP
11.0 0.5319340 1 BS
8.0 0.5319340 1 BS
8.0 0.5319340 1 BS
5.0 0.5319340 0 BS
9.0 0.5319340 0 BS
9.0 0.5319340 0 BS
33.0 0.5319340 1 JP
30.0 0.5326700 1 A
31.0 0.5326700 1 A
23.0 0.5326700 1 A
31.0 0.5330630 1 A
24.0 0.5330630 1 A
17.0 0.5330630 1 BF
30.0 0.5330630 1 JP
35.0 0.5330630 1 JP
7.0 0.5347480 0 BF
5.0 0.5347480 0 BF
5.0 0.5347480 0 BF
5.0 0.5347480 0 BF
12.0 0.5350410 1 BS
13.0 0.5350410 1 BS
12.0 0.5350410 0 BS
29.0 0.5350410 0 JP
16.0 0.5350410 0 PB
35.0 0.5363590 0 A
6.0 0.5363590 0 BF
6.0 0.5363590 0 BF
7.0 0.5363590 0 BF
6.0 0.5363590 0 BF
35.0 0.5371420 1 PB
21.0 0.5422410 1 BS
32.0 0.5422410 1 JP
40.0 0.5430740 1 RP
9.5 0.5452870 0 BF
32.5 0.5452870 1 JP
36.0 0.5455900 1 A
18.0 0.5455900 0 BS
13.5 0.5455900 0 BS
18.0 0.5455900 1 RM
20.0 0.5455900 0 RM
21.5 0.5455900 0 RM
22.0 0.5455900 1 RM
17.0 0.5476080 1 BS
19.0 0.5476080 0 C
16.0 0.5476080 1 PB
18.0 0.5481170 0 A
6.0 0.5481170 0 BA
9.0 0.5481170 0 BA
15.0 0.5481170 0 BA
17.0 0.5481170 0 BA
11.5 0.5481170 0 BA
11.0 0.5481170 0 BA
15.0 0.5481170 0 BA
7.0 0.5481170 0 BA
10.0 0.5481170 0 BA
6.0 0.5481170 0 BA
20.0 0.5481170 0 BF
19.0 0.5506950 1 BS
10.0 0.5506950 1 BS
18.5 0.5506950 1 BS
13.0 0.5506950 1 BS
17.0 0.5506950 1 JP
23.0 0.5506950 1 JP
25.0 0.5506950 1 JP
26.0 0.5506950 1 JP
16.0 0.5518950 1 A
17.0 0.5518950 1 A
25.0 0.5518950 1 A
18.0 0.5518950 1 A
22.0 0.5518950 1 A
20.0 0.5518950 1 A
13.0 0.5518950 1 BF
13.0 0.5533820 1 A
20.0 0.5533820 1 A
21.0 0.5533820 0 A
22.0 0.5533820 0 A
8.0 0.5533820 0 BF
13.0 0.5533820 1 BS
6.0 0.5533820 0 BS
19.0 0.5533820 1 BS
11.0 0.5533820 0 BS
14.0 0.5533820 0 BS
29.0 0.5533820 1 JP
16.0 0.5536770 1 BS
13.0 0.5536770 1 BS
18.0 0.5536770 1 BS
18.0 0.5536770 1 BS
13.0 0.5536770 0 BS
15.0 0.5536770 1 BS
28.0 0.5539440 1 BF
24.0 0.5539440 1 JP
5.0 0.5550200 0 BF
5.0 0.5550200 0 BF
6.0 0.5564450 0 BS
13.0 0.5564450 0 C
12.0 0.5564450 0 C
12.0 0.5564450 0 RM
47.0 0.5584920 0 A
39.0 0.5584920 1 A
36.0 0.5584920 1 A
40.0 0.5584920 1 A
17.0 0.5584920 1 BF
24.0 0.5584920 1 BF
18.0 0.5584920 0 BS
14.0 0.5584920 0 BS
12.0 0.5584920 0 C
28.0 0.5589200 1 A
33.0 0.5589200 0 A
32.0 0.5589200 0 A
7.0 0.5589200 0 BS
7.0 0.5589200 1 BS
9.0 0.5589200 1 BS
16.0 0.5589200 1 BS
9.0 0.5589200 1 BS
8.0 0.5589200 1 BS
11.0 0.5589200 0 PB
6.0 0.5589200 0 RM
7.0 0.5605450 0 BF
9.0 0.5605450 0 BF
8.0 0.5605450 0 BF
8.0 0.5605450 0 BF
9.0 0.5605450 0 BF
10.0 0.5605450 0 BF
6.0 0.5605450 0 BF
5.0 0.5605450 0 BF
6.0 0.5605450 0 BF
5.0 0.5605450 0 BF
7.0 0.5605450 0 BF
5.0 0.5605450 0 BF
5.0 0.5606230 0 A
8.0 0.5606230 1 BF
18.0 0.5606230 1 BS
22.0 0.5606230 1 BS
8.0 0.5610610 0 BS
11.0 0.5610610 1 BS
14.0 0.5610610 0 BS
7.0 0.5610610 1 BS
7.0 0.5610610 0 BS
6.0 0.5610610 0 BS
5.0 0.5610610 0 BS
19.0 0.5610610 1 JP
30.0 0.5610610 1 JP
36.0 0.5612260 1 A
13.0 0.5612260 1 BF
25.0 0.5612260 1 JP
17.0 0.5612260 0 PB
19.0 0.5626450 1 BS
16.5 0.5626450 1 BS
14.0 0.5626450 1 BS
16.0 0.5626450 0 PB
17.0 0.5626450 1 PB
18.0 0.5626450 0 PB
14.5 0.5626450 0 PB
15.0 0.5626450 0 PB
32.0 0.5636950 1 A
30.0 0.5636950 0 A
31.0 0.5636950 1 A
24.0 0.5636950 0 A
30.0 0.5636950 1 BS
21.0 0.5636950 1 BS
8.0 0.5636950 0 PB
5.0 0.5636950 0 RM
28.0 0.5651520 1 BF
10.0 0.5657490 0 BS
8.0 0.5657490 1 BS
9.0 0.5657490 1 BS
20.0 0.5657490 1 JP
18.0 0.5657490 1 JP
13.0 0.5657490 1 JP
23.0 0.5657490 1 JP
17.0 0.5657490 1 JP
12.0 0.5657490 1 JP
21.0 0.5687830 1 BS
9.0 0.5698190 0 C
6.0 0.5698190 0 PB
10.0 0.5698770 0 BS
9.0 0.5698770 1 BS
9.0 0.5698770 0 BS
9.0 0.5698770 0 BS
9.0 0.5698770 1 BS
9.0 0.5698770 0 PB
10.0 0.5698770 0 PB
32.0 0.5707610 1 JP
17.0 0.5715100 0 A
9.0 0.5715100 0 BS
10.0 0.5715100 1 BS
14.0 0.5715100 0 BS
17.0 0.5715100 0 BS
19.0 0.5715100 1 BS
7.0 0.5715100 0 BS
8.0 0.5715100 0 BS
7.0 0.5715100 0 BS
16.0 0.5715100 0 BS
7.0 0.5715100 0 PB
10.0 0.5725180 1 BS
9.0 0.5725180 0 C
10.0 0.5725180 1 C
13.0 0.5725180 0 C
13.0 0.5725180 0 C
30.0 0.5725180 1 JP
23.0 0.5725180 1 JP
9.0 0.5725180 0 PB
12.0 0.5729300 1 BS
19.0 0.5729300 1 BS
21.0 0.5729300 1 BS
17.0 0.5729300 0 BS
18.0 0.5729300 0 BS
46.0 0.5729810 0 A
31.0 0.5729810 1 JP
29.0 0.5729810 1 JP
28.5 0.5729810 0 JP
19.0 0.5765560 1 BS
27.0 0.5771410 1 A
34.0 0.5771410 1 A
28.0 0.5771410 1 A
18.0 0.5771410 1 BS
14.0 0.5771410 1 BS
13.0 0.5771410 0 PB
33.0 0.5789100 1 JP
15.0 0.5789100 1 PB
20.0 0.5789100 1 PB
27.0 0.5797110 1 A
11.5 0.5797110 1 BF
11.5 0.5797110 1 BF
25.0 0.5797110 1 BS
14.0 0.5797110 1 BS
13.5 0.5797110 1 PB
14.0 0.5797870 0 A
6.0 0.5797870 0 BF
5.0 0.5797870 0 BF
16.0 0.5811650 1 JP
19.0 0.5811650 1 JP
14.0 0.5811650 1 JP
12.0 0.5811650 0 PB
17.0 0.5811650 0 PB
7.0 0.5811650 0 PB
6.0 0.5817350 1 BF
18.0 0.5817350 1 JP
20.0 0.5817350 1 JP
19.0 0.5817350 0 JP
22.0 0.5817350 1 JP
23.0 0.5817350 1 JP
14.0 0.5817350 1 JP
12.0 0.5817350 1 JP
12.0 0.5821180 1 BF
11.0 0.5821180 1 BF
25.0 0.5821180 1 BS
19.0 0.5821180 0 C
15.0 0.5821180 1 C
35.0 0.5821180 1 JP
15.0 0.5874660 1 BF
11.0 0.5874660 1 BS
10.0 0.5874660 1 BS
6.0 0.5874660 0 BS
16.0 0.5874660 0 PB
14.0 0.5874660 0 PB
10.0 0.5877430 0 BS
18.0 0.5877430 1 BS
17.0 0.5877430 1 BS
12.0 0.5877430 1 BS
17.0 0.5877430 1 BS
11.0 0.5877430 0 C
21.0 0.5877430 1 C
16.0 0.5877430 0 C
12.0 0.5877430 0 C
11.0 0.5877430 0 C
42.0 0.5893850 1 C
13.0 0.5893850 1 C
15.0 0.5893850 1 C
15.0 0.5893850 1 C
15.0 0.5893850 0 C
30.0 0.5893850 0 C
10.0 0.5893850 0 C
15.0 0.5893850 0 C
10.0 0.5893850 0 PB
14.0 0.5893960 1 BS
44.0 0.5893960 1 JP
28.0 0.5893960 1 JP
12.0 0.5905720 1 BS
20.0 0.5905720 1 C
18.0 0.5905720 1 C
15.0 0.5905720 0 C
8.0 0.5905720 0 C
9.0 0.5905720 0 C
9.0 0.5928650 0 BF
29.0 0.5928650 1 BS
19.0 0.5936770 1 BF
26.0 0.5936770 1 BS
10.0 0.5936770 1 BS
14.0 0.5936770 1 BS
8.0 0.5936770 0 BS
27.0 0.5936770 1 BS
25.0 0.5958770 0 A
18.0 0.5958770 0 A
17.0 0.5958770 1 JP
7.0 0.5964790 0 BS
9.5 0.5964790 0 BS
23.0 0.5971390 1 A
28.5 0.5971390 1 A
11.0 0.5971390 1 BS
35.0 0.5971390 1 JP
11.0 0.5999940 1 BF
16.0 0.5999940 1 BS
18.0 0.5999940 0 BS
31.0 0.6000830 1 A
13.0 0.6000830 0 BS
20.0 0.6000830 1 BS
27.0 0.6000830 1 JP
28.0 0.6000830 1 JP
28.0 0.6007400 1 A
24.0 0.6007400 0 A
17.0 0.6007400 1 BS
10.0 0.6007400 1 PB
25.0 0.6020410 1 JP
38.0 0.6020410 1 JP
34.0 0.6023400 1 RP
19.0 0.6024610 1 BS
15.0 0.6024610 1 BS
15.0 0.6024610 0 PB
16.0 0.6025450 1 BF
15.0 0.6025450 0 BS
12.0 0.6025450 1 BS
16.0 0.6025450 1 BS
25.0 0.6025450 0 PB
17.0 0.6025450 0 PB
27.0 0.6025450 0 PB
20.0 0.6025450 0 PB
14.0 0.6028370 1 BF
10.0 0.6028370 1 BS
5.0 0.6028370 0 PB
5.0 0.6028370 0 PB
5.0 0.6028370 0 PB
20.0 0.6045000 1 A
23.0 0.6045000 1 A
28.0 0.6045000 1 A
19.0 0.6045000 1 A
11.0 0.6045000 1 BF
11.0 0.6045000 0 PB
22.0 0.6064600 1 BF
24.0 0.6064600 1 JP
34.0 0.6064600 1 JP
32.0 0.6064600 1 JP
34.0 0.6071870 1 A
20.0 0.6071870 1 A
30.0 0.6071870 1 A
37.0 0.6071870 1 A
23.0 0.6071870 1 BS
16.0 0.6071870 1 BS
26.0 0.6071870 1 BS
11.0 0.6095950 1 BF
15.0 0.6095950 1 BS
11.0 0.6095950 0 C
24.0 0.6095950 1 C
10.0 0.6095950 0 C
18.0 0.6095950 0 PB
12.0 0.6095950 1 PB
13.0 0.6095950 1 PB
20.0 0.6095950 1 PB
15.0 0.6126550 1 BF
30.0 0.6126550 1 PB
48.0 0.6126550 1 RP
5.0 0.6129020 0 PB
12.0 0.6161470 1 BS
28.0 0.6161470 1 JP
23.0 0.6161470 1 JP
22.0 0.6161470 1 JP
24.0 0.6161470 1 JP
28.0 0.6202770 1 JP
12.0 0.6202770 1 PB
36.0 0.6218960 1 A
42.0 0.6218960 0 A
11.0 0.6218960 0 RM
14.0 0.6218960 0 RM
12.0 0.6218960 0 RM
18.0 0.6225340 1 A
32.0 0.6225340 1 A
6.0 0.6252610 1 BF
6.0 0.6252610 0 BF
6.0 0.6252610 0 BF
17.0 0.6252610 0 BS
26.0 0.6252610 1 JP
33.0 0.6258330 1 A
30.0 0.6258330 0 A
8.0 0.6258330 1 BF
14.0 0.6258330 0 PB
13.0 0.6258330 0 PB
10.0 0.6258330 0 PB
6.0 0.6259010 0 BF
6.0 0.6259010 0 BF
9.0 0.6259010 0 BF
14.0 0.6259010 1 BS
6.0 0.6259010 0 BS
9.0 0.6259010 0 BS
13.0 0.6259010 1 JP
16.0 0.6259010 1 JP
15.0 0.6281460 1 BS
14.0 0.6281460 1 BS
14.0 0.6281460 0 BS
13.0 0.6281460 1 BS
11.0 0.6281460 1 BS
11.0 0.6281460 1 BS
15.0 0.6281460 1 BS
17.0 0.6281460 1 BS
13.0 0.6281460 1 BS
12.0 0.6281460 1 BS
19.0 0.6281460 1 BS
30.5 0.6297980 1 A
24.0 0.6306290 1 A
25.0 0.6306290 1 A
25.0 0.6306290 1 A
15.0 0.6306290 1 A
22.0 0.6306290 1 A
22.0 0.6306290 1 A
29.0 0.6306290 1 A
25.5 0.6306290 1 A
21.0 0.6306290 1 A
25.0 0.6317500 1 BF
39.0 0.6317500 0 JP
11.0 0.6336240 1 BF
9.0 0.6336240 1 BF
14.0 0.6336240 1 BF
33.0 0.6336240 1 JP
14.0 0.6336240 0 PB
20.0 0.6350490 0 BS
18.0 0.6350490 1 BS
24.0 0.6350490 1 JP
16.0 0.6350490 1 JP
17.0 0.6350490 1 JP
17.0 0.6350490 1 JP
30.5 0.6353250 1 A
19.5 0.6353250 1 BS
12.0 0.6353250 1 BS
19.0 0.6383340 1 BF
20.0 0.6383340 1 BF
21.0 0.6383340 1 BS
25.0 0.6383340 1 JP
26.0 0.6383340 1 JP
19.0 0.6387970 0 BS
6.0 0.6387970 0 PB
18.0 0.6387970 1 PB
34.0 0.6387970 1 PB
9.0 0.6391880 0 BF
26.0 0.6391880 1 BS
18.0 0.6391880 0 BS
8.0 0.6391880 0 PB
19.0 0.6392310 1 BS
10.0 0.6392310 1 BS
22.5 0.6392310 0 PB
17.5 0.6392310 0 PB
16.0 0.6392310 0 PB
27.0 0.6395820 1 A
29.0 0.6395820 1 A
23.0 0.6395820 1 A
24.0 0.6395820 1 A
24.0 0.6395820 1 A
16.0 0.6395820 1 BF
15.0 0.6395820 1 PB
17.0 0.6395820 1 PB
30.0 0.6408740 1 A
34.0 0.6408740 1 A
5.0 0.6408740 0 C
6.0 0.6408740 0 C
8.0 0.6408740 0 C
16.0 0.6413030 1 BS
18.0 0.6413030 0 BS
12.0 0.6413030 0 BS
26.0 0.6413030 0 PB
16.0 0.6413390 1 A
7.0 0.6413390 1 BF
17.0 0.6413390 1 BF
10.0 0.6413390 1 BS
11.0 0.6413390 1 BS
17.0 0.6431860 1 BS
17.5 0.6431860 1 BS
20.0 0.6431860 1 BS
45.0 0.6431860 1 RP
48.5 0.6431860 1 RP
20.0 0.6472920 1 BF
13.0 0.6472920 1 BS
15.0 0.6472920 1 BS
9.0 0.6472920 1 BS
10.0 0.6472920 1 BS
12.0 0.6472920 0 C
16.0 0.6505410 1 PB
6.0 0.6505410 0 PB
7.0 0.6505410 0 PB
15.0 0.6505410 1 PB
16.0 0.6505410 0 PB
13.0 0.6505410 1 PB
19.0 0.6515720 1 BF
42.0 0.6515720 1 JP
21.0 0.6519400 1 A
10.0 0.6519400 1 BS
16.0 0.6519400 1 BS
13.0 0.6519400 1 BS
27.0 0.6519400 1 JP
19.0 0.6519400 1 JP
20.0 0.6519400 0 JP
18.0 0.6519400 1 JP
22.0 0.6520450 0 BS
14.0 0.6520450 1 BS
25.0 0.6520450 1 JP
32.0 0.6520450 1 JP
13.5 0.6532430 1 BS
20.0 0.6532430 1 BS
35.0 0.6532430 1 JP
34.0 0.6532430 1 JP
26.0 0.6533840 1 A
6.0 0.6533840 0 BF
8.0 0.6533840 0 BF
12.0 0.6533840 1 C
15.0 0.6536890 1 BS
12.0 0.6536890 1 BS
11.0 0.6536890 1 BS
19.0 0.6536890 0 PB
12.0 0.6536890 0 PB
11.0 0.6536890 0 PB
12.0 0.6536890 1 PB
14.0 0.6536890 1 PB
9.0 0.6537220 1 BF
16.0 0.6537220 1 BS
11.0 0.6537220 0 BS
14.0 0.6537220 1 BS
11.0 0.6537220 1 BS
8.0 0.6537220 0 BS
9.0 0.6537220 1 BS
8.0 0.6537220 0 BS
33.0 0.6537220 1 JP
14.0 0.6537220 0 PB
17.0 0.6537220 0 PB
12.0 0.6537220 0 PB
16.0 0.6559670 1 BF
13.0 0.6559670 1 BS
32.0 0.6559670 1 JP
9.0 0.6559670 1 PB
6.0 0.6559670 0 PB
7.0 0.6559790 0 BF
6.0 0.6559790 0 BF
5.0 0.6559790 0 BF
7.0 0.6559790 0 BS
15.0 0.6559790 1 BS
24.0 0.6571430 1 A
29.0 0.6571430 0 A
30.0 0.6571430 0 A
15.0 0.6571430 1 BF
12.0 0.6571430 0 BS
9.0 0.6584420 0 BS
11.0 0.6584420 1 BS
18.0 0.6584420 1 JP
23.0 0.6584420 1 JP
22.0 0.6584420 1 JP
16.0 0.6584420 1 JP
17.0 0.6584420 1 JP
12.0 0.6584420 1 JP
8.0 0.6584820 0 BS
14.0 0.6584820 1 BS
9.0 0.6584820 1 BS
10.0 0.6584820 0 PB
8.0 0.6584820 1 RM
11.0 0.6584820 0 RM
12.0 0.6584820 0 RM
14.0 0.6584820 0 RM
15.0 0.6592600 1 BS
14.0 0.6592600 1 BS
14.0 0.6592600 1 BS
37.0 0.6592600 1 JP
32.0 0.6592600 1 JP
32.0 0.6601750 1 A
16.0 0.6601750 1 A
22.0 0.6601750 0 A
18.0 0.6601750 1 A
24.0 0.6601750 1 A
20.0 0.6601750 1 A
16.0 0.6601750 1 A
24.0 0.6601750 1 A
18.0 0.6601750 1 BF
10.0 0.6606050 1 BS
12.0 0.6606050 1 BS
12.0 0.6606050 0 BS
8.0 0.6624890 0 BF
15.0 0.6624890 1 BF
10.0 0.6624890 0 BF
25.0 0.6624890 0 PB
9.0 0.6624890 0 RM
15.0 0.6629650 1 BS
13.0 0.6631400 1 A
19.0 0.6631400 1 A
21.0 0.6631400 1 A
22.0 0.6631400 1 A
20.0 0.6631400 1 A
11.0 0.6639760 1 BS
15.0 0.6639760 1 BS
20.0 0.6640440 1 A
24.0 0.6640440 1 A
11.0 0.6640440 1 BS
9.0 0.6640440 0 C
8.0 0.6648130 0 BS
18.0 0.6667230 1 A
12.0 0.6693260 1 A
30.0 0.6693260 1 A
28.0 0.6693260 1 A
27.0 0.6693260 1 A
26.0 0.6693260 0 A
21.0 0.6695790 1 A
21.0 0.6695790 1 A
14.0 0.6695790 1 A
15.0 0.6695790 1 A
22.0 0.6695790 1 A
23.0 0.6695790 1 A
25.0 0.6695790 1 A
23.0 0.6695790 1 A
15.0 0.6695790 1 A
12.0 0.6695790 1 BF
25.5 0.6695790 1 JP
24.0 0.6695790 1 JP
24.0 0.6695790 1 JP
11.0 0.6702230 1 BF
14.0 0.6702230 1 BS
35.0 0.6702230 1 JP
18.0 0.6702230 1 JP
23.0 0.6702230 1 JP
11.0 0.6702230 1 PB
14.0 0.6702230 0 PB
15.0 0.6702230 1 PB
12.0 0.6713540 1 BF
6.0 0.6713540 0 PB
8.0 0.6713540 0 PB
27.0 0.6723190 1 A
17.5 0.6730270 1 BS
18.0 0.6730270 1 BS
15.0 0.6730270 1 BS
21.0 0.6730270 1 BS
12.0 0.6730270 1 BS
19.0 0.6730270 1 BS
13.5 0.6730270 1 PB
11.5 0.6730270 1 PB
12.0 0.6730270 1 PB
17.0 0.6730270 0 PB
24.0 0.6764340 1 A
20.0 0.6764340 1 A
22.0 0.6764340 1 A
31.0 0.6764340 1 A
16.0 0.6764340 1 BF
14.0 0.6764340 1 BF
14.0 0.6764340 1 BS
15.0 0.6764340 1 BS
19.0 0.6764340 1 JP
17.0 0.6764340 1 PB
26.0 0.6764340 1 PB
19.0 0.6764340 1 PB
32.0 0.6769050 1 A
32.0 0.6770280 1 A
9.5 0.6770280 1 BF
23.0 0.6770280 0 BF
28.0 0.6770280 1 BS
26.0 0.6770280 1 BS
22.0 0.6770280 0 JP
7.0 0.6805630 1 BS
9.0 0.6805630 1 BS
5.0 0.6805630 0 BS
7.0 0.6805630 1 BS
11.0 0.6817270 0 BF
29.0 0.6817270 1 JP
15.0 0.6820170 1 BF
14.0 0.6820170 0 PB
17.0 0.6820170 0 PB
14.0 0.6820170 0 PB
14.0 0.6831770 1 A
32.0 0.6831770 0 A
12.0 0.6831770 1 BF
11.0 0.6831770 1 BS
16.0 0.6831770 1 BS
15.0 0.6831770 1 BS
16.0 0.6831770 1 BS
19.0 0.6839910 1 A
12.0 0.6839910 1 BS
19.0 0.6839910 1 JP
25.5 0.6839910 1 JP
18.5 0.6839910 1 JP
9.0 0.6841290 0 BF
10.0 0.6841290 0 BF
7.0 0.6841290 0 BF
8.5 0.6841290 1 BF
6.0 0.6841290 0 PB
23.0 0.6849280 1 A
22.0 0.6849280 1 A
22.0 0.6849280 1 A
20.0 0.6849280 1 A
10.0 0.6849280 1 BS
10.0 0.6849950 1 BF
20.0 0.6855140 1 BS
28.0 0.6855140 1 PB
14.0 0.6860500 1 BS
18.0 0.6860500 1 JP
21.0 0.6860500 1 JP
20.0 0.6860500 1 JP
10.0 0.6860500 0 PB
16.0 0.6860500 0 PB
15.0 0.6894270 1 A
14.0 0.6894270 1 BS
14.0 0.6894270 1 BS
11.0 0.6894270 1 BS
24.0 0.6894270 1 JP
16.0 0.6900150 1 BS
15.0 0.6908590 1 BS
17.0 0.6908590 1 BS
15.0 0.6908590 1 BS
14.0 0.6908590 1 BS
20.0 0.6908590 1 JP
16.0 0.6927720 1 BF
21.0 0.6942100 1 BS
13.0 0.6942100 1 BS
9.0 0.6942100 0 PB
13.0 0.6955420 1 A
20.0 0.6955420 1 A
13.0 0.6955420 1 BS
22.0 0.6955420 1 BS
20.0 0.6955420 1 JP
21.0 0.6955420 1 JP
11.0 0.6963730 1 BS
14.0 0.6963730 1 BS
14.0 0.6963730 1 BS
8.0 0.6963730 0 BS
15.0 0.6965120 1 BS
16.0 0.6965120 1 BS
17.0 0.6965120 1 JP
22.0 0.6965120 1 JP
26.0 0.6965120 1 JP
21.0 0.6965120 1 JP
17.0 0.6965120 1 JP
16.0 0.6965120 0 JP
21.0 0.6971660 1 A
15.0 0.6971660 1 A
6.0 0.6971660 0 BF
14.0 0.6971660 1 BS
18.0 0.6981720 1 BF
13.0 0.6981720 1 BS
15.0 0.6985560 1 BS
14.0 0.6985560 1 BS
23.0 0.6985560 1 JP
24.0 0.6985560 1 JP
13.0 0.6997920 1 BF
10.0 0.6997920 1 BF
14.0 0.6997920 0 BS
25.0 0.6997920 1 JP
11.0 0.6997920 1 JP
15.0 0.6997920 1 JP
20.0 0.6997920 1 JP
24.0 0.6997920 1 JP
6.0 0.7003250 0 BF
13.0 0.7003250 1 BF
13.0 0.7003250 1 BS
11.0 0.7003250 1 BS
13.0 0.7003250 1 BS
6.0 0.7003250 1 BS
27.0 0.7003250 1 BS
9.0 0.7003250 0 PB
6.0 0.7010910 0 BF
7.0 0.7010910 0 BS
10.0 0.7010910 0 BS
12.0 0.7010910 0 BS
8.0 0.7010910 0 PB
15.0 0.7010910 0 PB
9.0 0.7010910 0 PB
5.0 0.7058460 0 BF
5.0 0.7058460 0 BF
5.0 0.7058460 0 BF
24.0 0.7064640 0 PB
20.5 0.7069800 1 A
10.0 0.7069800 1 BS
24.0 0.7069800 0 PB
14.0 0.7069800 1 PB
13.0 0.7069800 1 PB
10.5 0.7078280 1 BF
18.0 0.7078280 1 BF
8.0 0.7126190 0 BF
8.0 0.7126190 0 PB
12.0 0.7126190 0 PB
19.0 0.7126190 0 PB
21.0 0.7160540 1 A
8.0 0.7160540 0 BA
16.0 0.7160540 1 BF
9.0 0.7160540 1 BF
15.0 0.7165310 1 BS
22.0 0.7165310 1 BS
20.0 0.7165310 0 C
25.0 0.7165310 1 JP
32.0 0.7165310 1 JP
5.5 0.7174590 0 BF
12.0 0.7189290 0 BF
10.0 0.7189290 1 BF
11.0 0.7189290 1 BF
31.0 0.7220280 1 A
31.0 0.7220280 1 A
14.0 0.7220280 1 BS
25.0 0.7220280 1 JP
15.0 0.7220280 1 JP
19.0 0.7224430 1 BS
24.0 0.7224430 1 JP
18.0 0.7265630 1 BF
12.0 0.7265630 1 BF
23.0 0.7265630 1 JP
16.0 0.7265630 0 PB
15.0 0.7265630 1 PB
9.0 0.7274620 0 BS
15.0 0.7274620 1 BS
35.5 0.7278480 1 A
16.5 0.7278480 1 BS
34.5 0.7278480 1 JP
16.0 0.7307150 1 BS
24.0 0.7307150 1 JP
17.0 0.7307150 1 JP
10.0 0.7307380 1 BF
11.0 0.7307380 0 BS
10.0 0.7307380 1 BS
14.0 0.7307380 1 BS
10.0 0.7307380 1 BS
21.0 0.7307380 1 BS
9.0 0.7307380 1 BS
9.0 0.7307380 1 BS
9.0 0.7307380 1 BS
8.0 0.7307380 1 BS
14.0 0.7307380 1 JP
16.0 0.7347330 1 PB
19.0 0.7347330 0 PB
15.0 0.7347330 0 PB
20.0 0.7347330 1 PB
20.5 0.7347330 1 PB
18.0 0.7347330 1 PB
17.0 0.7347330 1 PB
10.0 0.7357080 1 BF
23.0 0.7357080 1 JP
22.0 0.7357080 1 PB
26.0 0.7357080 1 PB
25.0 0.7357080 1 PB
16.0 0.7373260 1 A
28.0 0.7373260 1 A
33.0 0.7373260 1 A
25.0 0.7373260 1 A
24.0 0.7373260 1 BS
15.0 0.7373260 1 BS
11.0 0.7374100 1 BF
16.0 0.7374100 1 BS
15.0 0.7374100 1 BS
21.0 0.7374100 1 BS
9.0 0.7374100 1 BS
18.0 0.7374100 1 JP
32.0 0.7374100 1 JP
28.5 0.7382960 1 BS
8.0 0.7392920 1 A
6.0 0.7392920 1 A
9.0 0.7392920 1 BF
20.0 0.7392920 0 BS
12.0 0.7392920 1 BS
13.0 0.7392920 1 BS
5.0 0.7392920 0 RM
17.0 0.7401070 1 BS
12.5 0.7451540 1 A
20.5 0.7451540 1 BS
17.5 0.7451540 1 JP
20.5 0.7451540 1 JP
25.0 0.7451540 1 JP
21.0 0.7451540 0 JP
28.5 0.7498060 1 A
11.5 0.7498060 0 BA
14.0 0.7498060 0 BA
21.0 0.7498060 0 BA
12.0 0.7498060 1 BA
15.0 0.7498060 0 BA
21.0 0.7498060 1 BA
14.0 0.7498060 1 BA
15.5 0.7498060 0 BA
17.0 0.7515910 0 A
7.0 0.7515910 0 A
7.0 0.7515910 0 BF
6.0 0.7515910 0 BF
22.5 0.7517130 1 A
24.0 0.7517130 1 A
25.0 0.7517130 1 A
27.0 0.7517130 1 A
23.0 0.7517130 1 A
23.0 0.7517130 1 A
7.0 0.7519740 1 BF
22.5 0.7519740 1 BF
19.0 0.7519740 1 BF
24.5 0.7519740 1 BS
33.5 0.7519740 1 JP
18.0 0.7534690 1 BS
20.0 0.7534690 0 JP
18.0 0.7539120 0 A
20.0 0.7539120 0 A
16.0 0.7539120 0 A
26.0 0.7552430 1 A
29.5 0.7552430 1 A
21.0 0.7552430 1 A
23.0 0.7552430 1 A
15.0 0.7552430 1 A
21.0 0.7552430 1 BS
14.0 0.7552430 0 RM
35.0 0.7572070 1 A
38.0 0.7572070 1 A
9.0 0.7572070 1 BF
40.0 0.7572070 1 C
16.0 0.7591170 1 BF
12.0 0.7591170 1 BS
12.0 0.7591170 1 BS
13.0 0.7591170 1 BS
8.0 0.7591170 1 BS
24.0 0.7591170 1 JP
24.0 0.7591170 1 JP
12.0 0.7591170 0 PB
10.0 0.7591170 0 PB
32.0 0.7612070 1 JP
22.0 0.7612070 1 JP
23.0 0.7612070 1 JP
28.0 0.7612070 1 JP
13.0 0.7612070 1 PB
14.0 0.7612070 0 PB
11.0 0.7612070 1 PB
23.0 0.7636390 1 JP
18.0 0.7654600 1 BF
18.0 0.7654600 1 BS
24.0 0.7654600 1 JP
33.0 0.7654600 1 JP
11.0 0.7654600 0 PB
23.0 0.7655380 1 BS
32.0 0.7662520 1 A
25.0 0.7662520 1 A
10.0 0.7662520 0 BF
16.0 0.7662520 0 PB
7.0 0.7662520 0 PB
8.0 0.7668480 0 BF
10.5 0.7668480 0 BF
13.0 0.7668480 1 BF
6.5 0.7668480 1 BF
34.5 0.7668480 1 PB
48.0 0.7668480 1 RP
20.0 0.7669360 1 JP
22.0 0.7669360 1 JP
7.0 0.7669360 0 PB
23.0 0.7703710 1 JP
12.0 0.7703710 1 JP
16.0 0.7759320 1 BS
33.0 0.7759320 1 JP
18.5 0.7774460 1 A
16.5 0.7774460 1 A
13.5 0.7774460 1 BS
35.0 0.7774460 1 RP
18.0 0.7778920 0 A
18.0 0.7778920 1 BS
25.0 0.7781540 1 A
17.0 0.7781540 1 A
14.0 0.7781540 1 BF
8.0 0.7781540 1 BS
12.0 0.7781540 1 BS
19.0 0.7781540 1 BS
7.0 0.7806630 0 BF
13.0 0.7806630 1 BF
13.0 0.7806630 1 BF
11.0 0.7806630 1 BS
32.0 0.7824380 1 A
30.0 0.7824380 1 A
30.0 0.7824380 1 A
32.0 0.7824380 1 A
18.0 0.7824380 1 BF
20.0 0.7824380 1 BS
20.0 0.7824380 1 BS
7.0 0.7871700 0 BS
8.0 0.7871700 0 BS
9.0 0.7871700 0 PB
38.0 0.7900940 1 A
17.0 0.7904980 1 A
5.0 0.7904980 0 BF
5.0 0.7904980 0 BS
10.0 0.7905620 1 BF
6.0 0.7905620 0 BF
5.0 0.7905620 0 BF
6.0 0.7905620 0 BF
7.0 0.7905620 0 BS
5.0 0.7905620 0 BS
11.0 0.7905620 0 BS
16.0 0.7943250 1 BF
27.0 0.7943250 1 JP
32.0 0.7950920 1 BF
17.0 0.7950920 0 BS
13.0 0.7950920 1 BS
34.0 0.8016960 1 A
6.0 0.8016960 1 PB
8.0 0.8077680 0 BS
8.0 0.8077680 0 BS
32.0 0.8077680 1 JP
18.0 0.8079900 1 A
25.0 0.8079900 1 A
5.0 0.8079900 1 BF
9.0 0.8079900 1 BF
15.0 0.8079900 1 BS
32.0 0.8093890 0 A
19.0 0.8093890 1 BS
25.0 0.8093890 1 BS
10.0 0.8126920 0 RM
17.0 0.8126920 1 RM
12.0 0.8126920 1 RM
20.0 0.8149650 1 BS
28.0 0.8149650 1 JP
29.0 0.8149650 1 JP
29.0 0.8153760 1 A
33.0 0.8153760 1 A
24.0 0.8153760 1 A
20.0 0.8153760 1 BF
20.0 0.8153760 1 BS
22.0 0.8153760 1 BS
13.0 0.8153760 1 BS
28.0 0.8153760 1 JP
36.0 0.8174790 1 A
15.0 0.8190130 0 PB
9.0 0.8190130 0 PB
30.5 0.8190130 1 RP
13.0 0.8213720 1 BS
16.0 0.8213720 1 BS
15.0 0.8213720 1 BS
11.0 0.8213720 1 BS
14.0 0.8213720 1 BS
11.0 0.8300390 1 BF
19.0 0.8300390 1 BS
7.0 0.8300390 1 RM
16.5 0.8300390 1 RM
13.0 0.8300390 1 RM
10.0 0.8300390 1 RM
7.5 0.8300390 1 RM
16.0 0.8317950 1 BS
11.0 0.8317950 1 BS
11.0 0.8317950 1 JP
9.0 0.8317950 0 PB
14.0 0.8334680 1 BF
27.0 0.8334680 1 BF
32.0 0.8334680 1 BS
11.0 0.8334680 0 RM
19.0 0.8334680 0 RM
18.0 0.8334680 0 RM
10.0 0.8334680 0 RM
5.0 0.8334680 0 RM
19.0 0.8334680 0 RM
19.0 0.8334680 1 RM
9.0 0.8335930 0 BS
8.0 0.8335930 0 BS
8.0 0.8335930 0 BS
18.0 0.8335930 1 BS
13.0 0.8351800 1 BS
10.5 0.8351800 1 BS
19.0 0.8351800 1 BS
28.0 0.8351800 1 C
40.0 0.8351800 1 C
22.5 0.8351800 1 C
16.0 0.8351800 1 C
27.0 0.8351800 1 C
10.5 0.8351800 1 PB
17.0 0.8424220 1 BF
12.0 0.8424220 1 BF
15.0 0.8424220 1 BS
11.0 0.8428780 1 BF
11.0 0.8428780 1 BF
12.0 0.8428780 1 BS
15.0 0.8471980 1 BF
15.0 0.8471980 1 BF
11.0 0.8471980 1 BF
17.0 0.8471980 1 BS
14.0 0.8471980 0 RM
20.0 0.8471980 1 RM
13.0 0.8471980 0 RM
16.0 0.8471980 1 RM
31.0 0.8474800 1 A
28.0 0.8474800 1 A
29.0 0.8474800 1 A
22.0 0.8474800 1 A
12.0 0.8474800 1 BS
14.0 0.8494620 1 BF
14.0 0.8494620 1 BF
20.0 0.8494620 1 BF
22.0 0.8494620 1 BS
30.0 0.8494620 1 BS
13.0 0.8505710 1 BF
11.0 0.8505710 1 BF
6.0 0.8505710 0 BF
10.0 0.8505710 1 BF
26.0 0.8505710 1 RP
51.5 0.8526250 1 RP
34.0 0.8547980 1 A
25.0 0.8547980 1 A
20.0 0.8547980 1 A
18.0 0.8547980 1 BS
21.0 0.8547980 1 BS
16.0 0.8547980 1 BS
12.0 0.8547980 1 PB
38.0 0.8553200 1 A
36.0 0.8553200 1 A
26.0 0.8553200 0 A
18.0 0.8553200 1 BF
21.0 0.8553200 1 BF
22.0 0.8576420 1 BS
24.0 0.8576420 1 JP
25.5 0.8576420 0 RP
5.5 0.8594090 1 BF
21.0 0.8594090 1 BF
52.0 0.8594090 1 RP
25.0 0.8600650 0 A
38.0 0.8600650 1 JP
22.0 0.8600650 1 JP
14.0 0.8600650 0 RM
27.0 0.8623920 1 A
24.0 0.8623920 1 A
22.0 0.8623920 1 A
25.5 0.8623920 1 A
16.5 0.8623920 1 A
14.0 0.8623920 1 A
17.0 0.8623920 1 A
7.0 0.8623920 1 A
16.0 0.8623920 1 BF
20.0 0.8670160 1 A
14.0 0.8670160 1 BF
19.5 0.8670160 1 BS
14.5 0.8670160 1 BS
19.0 0.8670980 1 A
16.0 0.8670980 1 A
15.0 0.8670980 1 A
17.0 0.8670980 1 A
17.0 0.8670980 1 A
10.0 0.8670980 1 BS
13.0 0.8670980 1 BS
32.0 0.8671710 1 C
27.0 0.8841520 1 A
25.5 0.8841520 1 A
17.5 0.8841520 1 A
25.0 0.8841520 1 A
11.0 0.8954780 1 BS
7.0 0.8954780 0 PB
10.0 0.8954780 1 PB
7.0 0.8954780 0 RM
6.0 0.8954780 0 RM
18.5 0.8965220 1 BS
25.0 0.8965220 1 JP
23.0 0.8965220 0 PB
20.0 0.8965220 0 PB
23.0 0.8965220 0 PB
26.0 0.8965220 1 PB
12.0 0.9010510 1 BS
13.0 0.9010510 1 BS
13.0 0.9010510 1 BS
9.0 0.9010510 1 BS
9.0 0.9010510 1 BS
8.0 0.9010510 1 BS
18.0 0.9010510 1 JP
22.0 0.9010510 1 JP
24.0 0.9010510 1 JP
25.0 0.9010510 1 JP
12.0 0.9098870 1 A
10.0 0.9098870 1 BS
9.0 0.9098870 1 BS
14.0 0.9098870 1 BS
12.0 0.9098870 1 BS
11.0 0.9098870 1 BS
12.0 0.9098870 1 JP
15.0 0.9098870 1 JP
13.0 0.9319640 1 BS
26.0 0.9319640 1 JP
5.0 0.9390290 0 BF
14.0 0.9390290 0 PB
16.0 0.9405210 1 A
26.0 0.9405210 1 A
29.0 0.9405210 1 A
15.0 0.9405210 1 BS
15.0 0.9405210 1 BS
34.0 0.9415200 1 PB
12.0 0.9415200 1 PB
28.0 0.9415200 1 PB
9.0 0.9449930 1 BF
17.0 0.9449930 1 BF
19.0 0.9449930 0 C
30.0 0.9449930 1 RP
13.0 0.9609030 1 BS
12.5 0.9609030 1 BS
20.5 0.9609030 1 BS
8.0 0.9609030 1 BS
13.0 0.9609030 1 BS
29.0 0.9609030 1 JP
10.5 0.9609030 0 PB
25.0 0.9739610 1 BS
14.0 0.9739610 1 BS
28.0 0.9739610 1 BS
30.0 0.9739610 1 RP
8.0 0.9832710 1 BF
20.0 0.9832710 1 C
19.0 0.9832710 1 C
37.0 0.9832710 1 RP
48.0 0.9832710 1 RP
