D S y SPP
9.0 0.0242120 0 BF
11.0 0.0305947 0 BF
9.0 0.0305947 0 BF
9.0 0.0341815 0 BF
5.0 0.0341815 0 BF
8.0 0.0341815 0 BF
8.0 0.0341815 0 BF
6.0 0.0341815 0 BF
8.0 0.0341815 0 BF
5.0 0.0341815 0 BF
22.0 0.0345653 0 BF
6.0 0.0461334 0 BF
8.0 0.0514511 0 BF
8.0 0.0547770 0 BF
9.0 0.0547770 0 BF
10.0 0.0547770 0 BF
7.0 0.0552361 0 BF
14.0 0.0575282 0 BF
15.0 0.0575282 0 BF
17.0 0.0575282 0 BF
12.0 0.0575282 0 BF
8.0 0.0687957 0 BF
14.0 0.0693424 0 BF
12.0 0.0693424 0 BF
18.0 0.0710720 0 BF
13.0 0.0710720 0 BF
8.0 0.0726807 0 BF
7.0 0.0726807 0 BF
6.0 0.0730598 0 BF
5.0 0.0730598 0 BF
9.0 0.0730598 0 BF
14.0 0.0773118 0 BF
11.0 0.0805133 0 BF
7.0 0.0818451 0 BF
6.0 0.0818451 0 BF
5.0 0.0846147 0 BF
6.0 0.0846147 0 BF
5.0 0.0846147 0 BF
5.0 0.0846147 0 BF
10.0 0.0849970 0 BF
5.0 0.0879988 0 BF
6.0 0.0879988 0 BF
6.0 0.0879988 0 BF
5.0 0.0879988 0 BF
5.0 0.0879988 0 BF
8.0 0.0879988 0 BF
16.0 0.0894350 0 BF
10.0 0.0894350 0 BF
12.0 0.0894350 1 BF
5.0 0.0894688 0 BF
9.0 0.0914889 0 BF
12.0 0.0914889 0 BF
5.0 0.0914889 0 BF
10.0 0.0914889 0 BF
7.0 0.0914889 0 BF
5.0 0.0943459 0 BF
7.0 0.0943459 0 BF
5.0 0.0943459 0 BF
14.0 0.0958845 0 BF
5.0 0.0965822 0 BF
17.0 0.0994145 0 BF
5.0 0.0995897 0 BF
11.0 0.0995897 0 BF
6.0 0.0998312 0 BF
7.0 0.0998312 0 BF
7.0 0.0998312 0 BF
13.0 0.1025400 1 BF
25.0 0.1036890 0 BF
7.0 0.1059930 0 BF
8.0 0.1059930 0 BF
14.0 0.1076440 0 BF
19.0 0.1077690 0 BF
17.0 0.1077690 0 BF
14.0 0.1148780 0 BF
13.0 0.1148780 1 BF
6.0 0.1148780 0 BF
6.0 0.1156340 0 BF
6.0 0.1156340 0 BF
8.0 0.1183610 0 BF
22.0 0.1200540 1 BF
6.0 0.1205340 0 BF
9.0 0.1205340 0 BF
11.0 0.1206290 0 BF
6.0 0.1284770 0 BF
7.0 0.1293800 0 BF
5.0 0.1293800 0 BF
7.0 0.1293800 0 BF
7.0 0.1316300 0 BF
11.0 0.1317180 0 BF
11.0 0.1320510 0 BF
13.0 0.1320930 0 BF
10.0 0.1325850 0 BF
10.0 0.1325850 0 BF
7.0 0.1357510 1 BF
9.0 0.1357510 1 BF
5.0 0.1380330 0 BF
5.0 0.1380330 0 BF
5.0 0.1380330 0 BF
6.0 0.1442170 0 BF
6.0 0.1454460 0 BF
9.0 0.1454460 0 BF
12.0 0.1466150 1 BF
8.0 0.1466150 1 BF
14.0 0.1480250 0 BF
11.0 0.1480250 0 BF
13.0 0.1480250 0 BF
9.0 0.1480250 0 BF
6.0 0.1499730 0 BF
5.0 0.1499730 0 BF
9.0 0.1527140 0 BF
6.0 0.1527140 0 BF
5.0 0.1637960 0 BF
14.0 0.1637960 0 BF
5.0 0.1637960 0 BF
10.0 0.1645130 0 BF
10.0 0.1645130 0 BF
16.0 0.1733830 0 BF
7.0 0.1733830 0 BF
10.0 0.1733830 0 BF
8.0 0.1741110 1 BF
8.0 0.1741110 1 BF
7.0 0.1741110 1 BF
10.0 0.1741110 1 BF
6.0 0.1741110 0 BF
9.0 0.1748690 0 BF
7.0 0.1769540 0 BF
5.0 0.1810500 1 BF
5.0 0.1810500 0 BF
7.0 0.1810500 1 BF
5.0 0.1810500 0 BF
6.0 0.1824650 0 BF
5.0 0.1824650 0 BF
5.0 0.1824650 0 BF
5.0 0.1824650 0 BF
7.0 0.1824650 0 BF
6.0 0.1836320 0 BF
6.0 0.1836320 0 BF
6.0 0.1836320 0 BF
7.0 0.1845420 0 BF
6.0 0.1845420 0 BF
5.0 0.1915210 0 BF
12.0 0.1922930 0 BF
7.0 0.1925090 0 BF
14.0 0.1976180 0 BF
8.0 0.1976180 0 BF
10.0 0.1976180 0 BF
16.0 0.1976180 0 BF
11.0 0.1976180 0 BF
14.0 0.1982930 1 BF
14.0 0.1982930 0 BF
10.0 0.1982930 1 BF
10.0 0.1991720 0 BF
21.0 0.2033200 1 BF
8.0 0.2041320 0 BF
10.0 0.2062430 0 BF
6.0 0.2077690 0 BF
6.0 0.2077690 0 BF
9.0 0.2081160 0 BF
9.0 0.2081160 0 BF
7.0 0.2100340 1 BF
7.0 0.2100340 1 BF
9.0 0.2140470 0 BF
8.0 0.2140470 0 BF
7.0 0.2140470 0 BF
7.0 0.2149310 0 BF
7.0 0.2149310 0 BF
5.0 0.2155210 0 BF
7.0 0.2155210 0 BF
5.0 0.2155210 1 BF
5.0 0.2155210 0 BF
6.0 0.2155210 0 BF
5.0 0.2155210 0 BF
11.0 0.2155210 0 BF
5.0 0.2155210 0 BF
7.0 0.2159750 0 BF
8.0 0.2159750 0 BF
10.0 0.2159750 0 BF
5.0 0.2160230 0 BF
7.0 0.2195770 1 BF
5.0 0.2195770 1 BF
6.0 0.2195770 1 BF
8.0 0.2195770 0 BF
5.0 0.2195770 0 BF
7.0 0.2195770 0 BF
11.0 0.2195770 1 BF
11.0 0.2195770 1 BF
10.0 0.2195770 1 BF
11.0 0.2195770 1 BF
8.0 0.2195770 0 BF
15.0 0.2207870 1 BF
8.0 0.2246390 0 BF
6.0 0.2246390 1 BF
6.0 0.2247010 0 BF
6.0 0.2247010 0 BF
7.0 0.2247010 0 BF
6.0 0.2281300 0 BF
5.0 0.2281300 0 BF
9.0 0.2306940 0 BF
12.0 0.2306940 1 BF
7.0 0.2344210 0 BF
6.0 0.2357220 0 BF
16.0 0.2357220 0 BF
6.0 0.2359890 0 BF
6.0 0.2359890 0 BF
16.0 0.2373420 1 BF
8.0 0.2373420 0 BF
7.0 0.2493470 0 BF
29.0 0.2519110 0 BF
6.0 0.2538490 0 BF
6.0 0.2538490 0 BF
9.0 0.2538490 0 BF
8.0 0.2567670 0 BF
7.0 0.2594140 0 BF
7.0 0.2594140 0 BF
5.0 0.2594140 0 BF
7.0 0.2594140 0 BF
6.0 0.2594140 0 BF
8.0 0.2594140 0 BF
9.0 0.2594140 0 BF
10.0 0.2594140 0 BF
9.0 0.2658960 1 BF
7.0 0.2682590 1 BF
6.0 0.2692990 1 BF
8.0 0.2692990 0 BF
8.0 0.2692990 0 BF
6.0 0.2692990 0 BF
7.0 0.2692990 0 BF
8.0 0.2692990 0 BF
20.0 0.2735930 0 BF
7.0 0.2741060 0 BF
8.0 0.2741060 0 BF
6.0 0.2741060 0 BF
7.0 0.2741060 0 BF
6.0 0.2741060 0 BF
14.0 0.2741060 1 BF
10.0 0.2741060 0 BF
10.0 0.2741060 0 BF
12.0 0.2754550 0 BF
6.0 0.2796530 0 BF
9.0 0.2814980 0 BF
5.0 0.2814980 0 BF
5.0 0.2814980 0 BF
11.0 0.2817930 1 BF
6.0 0.2834710 0 BF
5.0 0.2834710 0 BF
7.0 0.2834710 0 BF
6.0 0.2834710 0 BF
6.0 0.2834710 0 BF
5.0 0.2834710 0 BF
8.0 0.2834710 0 BF
7.0 0.2834710 0 BF
8.0 0.2834710 0 BF
6.0 0.2834710 0 BF
14.0 0.2848140 1 BF
8.0 0.2901510 0 BF
6.0 0.2901510 0 BF
8.0 0.2905570 0 BF
12.0 0.2936290 0 BF
10.0 0.2941950 1 BF
12.0 0.3003210 0 BF
7.0 0.3003210 0 BF
7.0 0.3003210 0 BF
10.0 0.3003210 0 BF
8.0 0.3033170 0 BF
7.0 0.3033170 1 BF
5.0 0.3033170 0 BF
6.0 0.3055400 0 BF
7.0 0.3057410 1 BF
13.0 0.3057410 1 BF
8.0 0.3060050 0 BF
21.0 0.3071810 1 BF
8.0 0.3071810 1 BF
8.0 0.3086750 0 BF
8.0 0.3086750 0 BF
16.0 0.3091790 0 BF
9.0 0.3107130 0 BF
14.0 0.3107130 1 BF
6.0 0.3133930 0 BF
9.0 0.3139630 0 BF
7.5 0.3205630 1 BF
9.5 0.3205630 1 BF
13.0 0.3212580 0 BF
13.0 0.3212580 1 BF
13.0 0.3212580 0 BF
10.0 0.3212580 0 BF
10.0 0.3234770 1 BF
9.0 0.3234770 1 BF
14.0 0.3275420 0 BF
15.0 0.3275420 1 BF
7.0 0.3296820 1 BF
16.0 0.3306440 1 BF
15.0 0.3306440 1 BF
15.0 0.3324740 1 BF
9.0 0.3334070 1 BF
7.0 0.3334070 0 BF
8.0 0.3334070 1 BF
5.0 0.3334070 0 BF
23.0 0.3341510 1 BF
5.0 0.3356790 0 BF
8.0 0.3364810 0 BF
9.0 0.3364810 1 BF
11.0 0.3364810 0 BF
13.0 0.3364810 1 BF
7.0 0.3383760 0 BF
7.0 0.3383760 0 BF
6.0 0.3383760 0 BF
5.0 0.3383760 0 BF
6.0 0.3383760 0 BF
6.0 0.3383760 0 BF
7.0 0.3383760 0 BF
5.0 0.3383760 0 BF
5.0 0.3383760 0 BF
9.0 0.3383760 0 BF
5.0 0.3383760 1 BF
10.0 0.3383760 1 BF
6.0 0.3383760 0 BF
6.0 0.3417990 0 BF
7.0 0.3417990 0 BF
13.0 0.3429150 1 BF
5.0 0.3445170 0 BF
6.0 0.3445170 0 BF
6.0 0.3524600 0 BF
6.0 0.3524600 0 BF
5.0 0.3524600 0 BF
6.0 0.3545820 0 BF
5.0 0.3545820 0 BF
18.0 0.3567870 1 BF
10.0 0.3567870 0 BF
8.0 0.3567870 0 BF
7.0 0.3567870 0 BF
5.0 0.3573800 0 BF
5.0 0.3573800 0 BF
8.0 0.3587130 0 BF
15.0 0.3594440 1 BF
12.0 0.3605700 0 BF
13.0 0.3605700 0 BF
8.0 0.3629100 0 BF
8.0 0.3635740 0 BF
7.0 0.3635740 0 BF
10.0 0.3642610 1 BF
5.0 0.3642610 0 BF
7.0 0.3642610 1 BF
10.0 0.3661720 0 BF
7.0 0.3661720 0 BF
7.0 0.3661720 0 BF
6.0 0.3661720 0 BF
5.0 0.3661720 0 BF
6.0 0.3661720 0 BF
7.0 0.3661720 0 BF
13.0 0.3673160 1 BF
17.0 0.3673500 1 BF
12.0 0.3674630 1 BF
13.0 0.3758130 1 BF
11.0 0.3762970 1 BF
9.0 0.3782160 0 BF
7.0 0.3798720 0 BF
7.0 0.3798720 0 BF
5.0 0.3798720 0 BF
7.0 0.3798720 0 BF
7.0 0.3798720 0 BF
5.0 0.3798720 0 BF
5.0 0.3798720 0 BF
5.0 0.3798720 0 BF
7.0 0.3798720 0 BF
7.0 0.3798720 0 BF
5.0 0.3798720 0 BF
6.0 0.3803030 0 BF
11.0 0.3814650 1 BF
8.0 0.3817020 0 BF
7.0 0.3817020 0 BF
10.0 0.3822600 0 BF
9.0 0.3822600 0 BF
6.0 0.3828290 0 BF
7.0 0.3828290 0 BF
29.0 0.3849800 1 BF
8.0 0.3868720 0 BF
5.0 0.3868720 0 BF
7.0 0.3868720 0 BF
8.0 0.3868720 0 BF
9.0 0.3868720 0 BF
13.0 0.3912780 1 BF
15.0 0.3912780 1 BF
13.0 0.3918010 1 BF
15.0 0.3918010 1 BF
10.0 0.3918010 1 BF
12.0 0.3918010 1 BF
17.0 0.3918010 1 BF
8.0 0.3948980 0 BF
6.0 0.3948980 0 BF
6.0 0.3948980 0 BF
5.0 0.3948980 0 BF
13.0 0.3986710 0 BF
12.0 0.4008670 0 BF
11.0 0.4008670 0 BF
14.0 0.4008670 0 BF
7.0 0.4008670 0 BF
5.0 0.4025280 0 BF
7.0 0.4025280 0 BF
7.0 0.4025280 0 BF
6.0 0.4025280 0 BF
7.0 0.4037940 1 BF
8.0 0.4047680 0 BF
7.0 0.4048330 0 BF
11.0 0.4049330 0 BF
8.0 0.4065810 1 BF
12.0 0.4066130 1 BF
8.0 0.4066130 0 BF
15.0 0.4067810 1 BF
6.0 0.4067810 1 BF
10.0 0.4067810 1 BF
8.0 0.4067810 1 BF
10.0 0.4067810 1 BF
8.0 0.4163450 0 BF
7.0 0.4205980 0 BF
7.0 0.4205980 0 BF
8.0 0.4254590 0 BF
10.0 0.4256690 1 BF
7.0 0.4291140 0 BF
11.5 0.4293050 1 BF
13.5 0.4293050 1 BF
15.0 0.4349760 1 BF
10.0 0.4352120 0 BF
7.0 0.4352120 0 BF
8.0 0.4352120 0 BF
14.0 0.4416350 0 BF
8.0 0.4439800 0 BF
11.0 0.4480480 0 BF
16.0 0.4480480 1 BF
7.0 0.4480480 0 BF
10.0 0.4496270 0 BF
8.0 0.4508350 1 BF
5.0 0.4508350 0 BF
7.0 0.4508350 1 BF
9.0 0.4508350 0 BF
7.0 0.4559020 1 BF
17.0 0.4594060 1 BF
17.0 0.4661550 1 BF
5.0 0.4661550 1 BF
5.0 0.4661550 0 BF
6.0 0.4661550 0 BF
9.0 0.4673010 1 BF
13.0 0.4673010 1 BF
10.0 0.4673010 1 BF
5.0 0.4695940 0 BF
20.0 0.4695940 1 BF
13.0 0.4698710 1 BF
9.0 0.4699870 1 BF
22.0 0.4751690 1 BF
8.0 0.4761060 0 BF
9.0 0.4761060 0 BF
7.0 0.4761060 1 BF
5.0 0.4784740 0 BF
10.0 0.4784740 0 BF
10.0 0.4805540 1 BF
10.0 0.4814440 0 BF
6.0 0.4814440 0 BF
8.0 0.4814440 0 BF
8.0 0.4814440 0 BF
11.0 0.4880890 1 BF
18.0 0.4886230 1 BF
19.5 0.4910770 1 BF
20.0 0.4910770 1 BF
13.5 0.4910770 1 BF
14.0 0.4910770 1 BF
16.0 0.4910770 0 BF
9.0 0.5005780 0 BF
8.0 0.5008870 1 BF
6.0 0.5008870 0 BF
6.0 0.5010320 0 BF
7.0 0.5010320 0 BF
12.0 0.5010320 1 BF
13.0 0.5024870 1 BF
14.0 0.5037220 1 BF
17.0 0.5086720 0 BF
12.0 0.5086720 1 BF
9.0 0.5113760 0 BF
5.0 0.5113760 0 BF
10.0 0.5122480 1 BF
10.0 0.5158100 1 BF
16.0 0.5224530 1 BF
7.0 0.5226570 0 BF
12.0 0.5251260 1 BF
17.0 0.5330630 1 BF
7.0 0.5347480 0 BF
5.0 0.5347480 0 BF
5.0 0.5347480 0 BF
5.0 0.5347480 0 BF
6.0 0.5363590 0 BF
6.0 0.5363590 0 BF
7.0 0.5363590 0 BF
6.0 0.5363590 0 BF
9.5 0.5452870 0 BF
20.0 0.5481170 0 BF
13.0 0.5518950 1 BF
8.0 0.5533820 0 BF
28.0 0.5539440 1 BF
5.0 0.5550200 0 BF
5.0 0.5550200 0 BF
17.0 0.5584920 1 BF
24.0 0.5584920 1 BF
7.0 0.5605450 0 BF
9.0 0.5605450 0 BF
8.0 0.5605450 0 BF
8.0 0.5605450 0 BF
9.0 0.5605450 0 BF
10.0 0.5605450 0 BF
6.0 0.5605450 0 BF
5.0 0.5605450 0 BF
6.0 0.5605450 0 BF
5.0 0.5605450 0 BF
7.0 0.5605450 0 BF
5.0 0.5605450 0 BF
8.0 0.5606230 1 BF
13.0 0.5612260 1 BF
28.0 0.5651520 1 BF
11.5 0.5797110 1 BF
11.5 0.5797110 1 BF
6.0 0.5797870 0 BF
5.0 0.5797870 0 BF
6.0 0.5817350 1 BF
12.0 0.5821180 1 BF
11.0 0.5821180 1 BF
15.0 0.5874660 1 BF
9.0 0.5928650 0 BF
19.0 0.5936770 1 BF
11.0 0.5999940 1 BF
16.0 0.6025450 1 BF
14.0 0.6028370 1 BF
11.0 0.6045000 1 BF
22.0 0.6064600 1 BF
11.0 0.6095950 1 BF
15.0 0.6126550 1 BF
6.0 0.6252610 1 BF
6.0 0.6252610 0 BF
6.0 0.6252610 0 BF
8.0 0.6258330 1 BF
6.0 0.6259010 0 BF
6.0 0.6259010 0 BF
9.0 0.6259010 0 BF
25.0 0.6317500 1 BF
11.0 0.6336240 1 BF
9.0 0.6336240 1 BF
14.0 0.6336240 1 BF
19.0 0.6383340 1 BF
20.0 0.6383340 1 BF
9.0 0.6391880 0 BF
16.0 0.6395820 1 BF
7.0 0.6413390 1 BF
17.0 0.6413390 1 BF
20.0 0.6472920 1 BF
19.0 0.6515720 1 BF
6.0 0.6533840 0 BF
8.0 0.6533840 0 BF
9.0 0.6537220 1 BF
16.0 0.6559670 1 BF
7.0 0.6559790 0 BF
6.0 0.6559790 0 BF
5.0 0.6559790 0 BF
15.0 0.6571430 1 BF
18.0 0.6601750 1 BF
8.0 0.6624890 0 BF
15.0 0.6624890 1 BF
10.0 0.6624890 0 BF
12.0 0.6695790 1 BF
11.0 0.6702230 1 BF
12.0 0.6713540 1 BF
16.0 0.6764340 1 BF
14.0 0.6764340 1 BF
9.5 0.6770280 1 BF
23.0 0.6770280 0 BF
11.0 0.6817270 0 BF
15.0 0.6820170 1 BF
12.0 0.6831770 1 BF
9.0 0.6841290 0 BF
10.0 0.6841290 0 BF
7.0 0.6841290 0 BF
8.5 0.6841290 1 BF
10.0 0.6849950 1 BF
16.0 0.6927720 1 BF
6.0 0.6971660 0 BF
18.0 0.6981720 1 BF
13.0 0.6997920 1 BF
10.0 0.6997920 1 BF
6.0 0.7003250 0 BF
13.0 0.7003250 1 BF
6.0 0.7010910 0 BF
5.0 0.7058460 0 BF
5.0 0.7058460 0 BF
5.0 0.7058460 0 BF
10.5 0.7078280 1 BF
18.0 0.7078280 1 BF
8.0 0.7126190 0 BF
16.0 0.7160540 1 BF
9.0 0.7160540 1 BF
5.5 0.7174590 0 BF
12.0 0.7189290 0 BF
10.0 0.7189290 1 BF
11.0 0.7189290 1 BF
18.0 0.7265630 1 BF
12.0 0.7265630 1 BF
10.0 0.7307380 1 BF
10.0 0.7357080 1 BF
11.0 0.7374100 1 BF
9.0 0.7392920 1 BF
7.0 0.7515910 0 BF
6.0 0.7515910 0 BF
7.0 0.7519740 1 BF
22.5 0.7519740 1 BF
19.0 0.7519740 1 BF
9.0 0.7572070 1 BF
16.0 0.7591170 1 BF
18.0 0.7654600 1 BF
10.0 0.7662520 0 BF
8.0 0.7668480 0 BF
10.5 0.7668480 0 BF
13.0 0.7668480 1 BF
6.5 0.7668480 1 BF
14.0 0.7781540 1 BF
7.0 0.7806630 0 BF
13.0 0.7806630 1 BF
13.0 0.7806630 1 BF
18.0 0.7824380 1 BF
5.0 0.7904980 0 BF
10.0 0.7905620 1 BF
6.0 0.7905620 0 BF
5.0 0.7905620 0 BF
6.0 0.7905620 0 BF
16.0 0.7943250 1 BF
32.0 0.7950920 1 BF
5.0 0.8079900 1 BF
9.0 0.8079900 1 BF
20.0 0.8153760 1 BF
11.0 0.8300390 1 BF
14.0 0.8334680 1 BF
27.0 0.8334680 1 BF
17.0 0.8424220 1 BF
12.0 0.8424220 1 BF
11.0 0.8428780 1 BF
11.0 0.8428780 1 BF
15.0 0.8471980 1 BF
15.0 0.8471980 1 BF
11.0 0.8471980 1 BF
14.0 0.8494620 1 BF
14.0 0.8494620 1 BF
20.0 0.8494620 1 BF
13.0 0.8505710 1 BF
11.0 0.8505710 1 BF
6.0 0.8505710 0 BF
10.0 0.8505710 1 BF
18.0 0.8553200 1 BF
21.0 0.8553200 1 BF
5.5 0.8594090 1 BF
21.0 0.8594090 1 BF
16.0 0.8623920 1 BF
14.0 0.8670160 1 BF
5.0 0.9390290 0 BF
9.0 0.9449930 1 BF
17.0 0.9449930 1 BF
8.0 0.9832710 1 BF
