age	length	period
1	215.25402	1
1	193.25764	1
1	202.57814	1
1	201.45968	1
1	232.03092	1
1	191.02072	1
1	259.6196	1
1	228.30272	1
1	233.5222	1
1	226.81144	1
1	235.75912	1
1	229.04836	1
1	213.76274	1
1	189.15662	1
1	223.45606	1
1	191.76636	1
1	207.4248	1
1	218.98222	1
1	203.32378	1
1	197.73148	1
1	207.05198	1
1	211.52582	1
1	201.8325	1
1	218.98222	1
1	256.63704	1
1	255.51858	1
1	201.08686	1
1	205.18788	1
1	206.30634	1
1	206.30634	1
1	198.84994	1
1	190.6479	1
1	194.74892	1
1	192.13918	1
1	191.76636	1
1	186.9197	1
1	185.80124	1
1	180.95458	1
1	207.05198	1
1	194.00328	1
1	189.52944	1
1	210.03454	1
1	182.44586	1
1	194.3761	1
1	240.60578	1
1	205.18788	1
1	226.81144	1
1	229.42118	1
1	204.06942	1
1	232.40374	1
1	201.8325	1
1	193.25764	1
1	196.61302	1
1	211.89864	1
1	198.1043	1
1	200.34122	1
1	188.41098	1
1	207.4248	1
1	198.47712	1
1	210.78018	1
1	208.91608	1
1	216.7453	1
1	219.35504	1
1	214.8812	1
1	211.153	1
1	205.18788	1
1	218.23658	1
1	219.72786	1
1	238.74168	1
1	230.91246	1
1	231.28528	1
1	181.70022	1
1	181.3274	1
1	227.18426	1
1	199.9684	1
1	238.74168	1
1	194.3761	1
1	191.39354	1
1	203.32378	1
1	209.66172	1
1	215.25402	1
1	205.5607	1
1	193.25764	1
1	198.47712	1
1	197.73148	1
1	207.4248	1
1	219.72786	1
1	202.95096	1
1	195.86738	1
1	197.73148	1
1	202.20532	1
1	195.49456	1
1	240.60578	1
1	201.8325	1
1	204.81506	1
1	210.03454	1
1	221.96478	1
1	204.81506	1
1	215.62684	1
1	216.7453	1
1	213.0171	1
1	211.153	1
1	234.26784	1
1	194.00328	1
1	257.38268	1
1	262.97498	1
1	242.8427	1
1	195.86738	1
1	252.53602	1
1	199.9684	1
1	213.0171	1
1	223.45606	1
1	195.86738	1
1	197.35866	1
1	190.27508	1
1	221.21914	1
1	207.4248	1
1	232.03092	1
1	192.512	1
1	188.7838	1
1	222.3376	1
1	191.39354	1
1	203.6966	1
1	210.40736	1
1	213.38992	1
1	185.80124	1
1	201.45968	1
1	185.0556	1
1	186.9197	1
1	200.34122	1
1	193.63046	1
1	184.30996	1
1	202.57814	1
1	209.66172	1
1	198.84994	1
1	194.3761	1
1	192.512	1
1	233.5222	1
1	211.89864	1
1	227.9299	1
1	223.08324	1
1	204.06942	1
1	209.2889	1
1	184.30996	1
1	193.63046	1
1	195.86738	1
1	208.54326	1
1	217.86376	1
1	190.6479	1
1	192.13918	1
1	219.35504	1
1	221.21914	1
1	194.3761	1
1	201.08686	1
1	201.45968	1
1	229.04836	1
1	194.74892	1
1	200.34122	1
1	199.59558	1
1	218.23658	1
1	200.71404	1
1	210.40736	1
1	219.72786	1
1	189.15662	1
1	194.00328	1
1	204.06942	1
1	191.02072	1
1	205.18788	1
1	188.41098	1
1	236.50476	1
1	222.71042	1
1	229.794	1
1	222.3376	1
1	229.794	1
1	222.3376	1
1	229.04836	1
1	204.06942	1
1	214.8812	1
1	207.05198	1
1	198.84994	1
1	212.27146	1
1	199.59558	1
1	215.25402	1
1	211.89864	1
1	184.30996	1
1	200.34122	1
1	214.50838	1
1	230.53964	1
1	182.44586	1
1	215.25402	1
1	192.13918	1
1	233.14938	1
1	198.1043	1
1	189.15662	1
1	200.71404	1
1	210.03454	1
1	198.1043	1
1	193.25764	1
1	186.54688	1
1	206.67916	1
1	218.6094	1
1	214.13556	1
1	207.79762	1
1	211.52582	1
1	195.49456	1
1	203.6966	1
1	196.61302	1
1	210.03454	1
1	213.38992	1
1	207.79762	1
1	202.57814	1
1	209.66172	1
1	227.55708	1
1	202.95096	1
1	208.91608	1
1	223.82888	1
1	212.27146	1
1	199.9684	1
1	236.50476	1
1	211.52582	1
1	223.45606	1
1	208.54326	1
1	193.63046	1
1	240.9786	1
1	236.50476	1
1	232.40374	1
1	216.37248	1
1	238.36886	1
1	204.06942	1
1	214.8812	1
1	223.45606	1
1	217.11812	1
1	246.19808	1
1	199.9684	1
1	217.49094	1
1	190.27508	1
1	216.7453	1
1	192.88482	1
1	230.53964	1
1	191.02072	1
1	194.74892	1
1	211.89864	1
1	222.3376	1
1	177.22638	1
1	195.12174	1
1	196.98584	1
1	209.2889	1
1	208.17044	1
1	217.49094	1
1	191.76636	1
1	227.18426	1
1	214.8812	1
1	200.71404	1
1	211.52582	1
1	208.17044	1
1	221.59196	1
1	208.54326	1
1	207.4248	1
1	183.56432	1
1	194.74892	1
1	185.0556	1
2	278.2606	1
2	264.46626	1
2	287.20828	1
2	271.54984	1
2	288.32674	1
2	278.2606	1
2	316.66106	1
2	279.75188	1
2	273.78676	1
2	245.82526	1
2	270.43138	1
2	229.04836	1
2	265.58472	1
2	281.9888	1
2	274.90522	1
2	237.62322	1
2	277.88778	1
2	265.58472	1
2	262.97498	1
2	283.48008	1
2	315.91542	1
2	316.28824	1
2	243.58834	1
2	258.12832	1
2	245.82526	1
2	281.61598	1
2	306.59492	1
2	240.23296	1
2	261.4837	1
2	240.60578	1
2	270.05856	1
2	246.5709	1
2	247.68936	1
2	245.07962	1
2	290.19084	1
2	255.14576	1
2	244.33398	1
2	295.78314	1
2	249.18064	1
2	276.3965	1
2	279.00624	1
2	281.9888	1
2	280.87034	1
2	296.9016	1
2	282.73444	1
2	295.78314	1
2	240.60578	1
2	246.94372	1
2	293.54622	1
2	243.96116	1
2	254.77294	1
2	255.51858	1
2	253.65448	1
2	307.34056	1
2	272.29548	1
2	290.56366	1
2	297.64724	1
2	257.7555	1
2	273.41394	1
2	262.97498	1
2	255.51858	1
2	243.21552	1
2	276.3965	1
2	242.09706	1
2	226.0658	1
2	283.10726	1
2	306.96774	1
2	305.47646	1
2	304.358	1
2	256.26422	1
2	243.21552	1
2	257.7555	1
2	252.90884	1
2	270.8042	1
2	280.87034	1
2	278.2606	1
2	235.3863	1
2	242.46988	1
2	235.3863	1
2	311.8144	1
2	240.60578	1
2	244.7068	1
2	271.54984	1
2	305.10364	1
2	224.94734	1
2	312.18722	1
2	330.08258	1
2	312.56004	1
2	257.00986	1
2	324.8631	1
2	265.58472	1
2	259.24678	1
2	275.27804	1
2	232.03092	1
2	264.46626	1
2	286.08982	1
2	263.3478	1
2	251.79038	1
2	279.75188	1
2	277.88778	1
2	235.75912	1
2	293.54622	1
2	237.99604	1
2	248.06218	1
2	248.435	1
2	299.88416	1
2	229.794	1
2	263.3478	1
2	237.99604	1
2	235.3863	1
2	252.90884	1
2	245.07962	1
2	212.27146	1
2	268.19446	1
2	287.20828	1
2	240.60578	1
2	229.794	1
2	242.8427	1
2	288.32674	1
2	227.18426	1
2	226.0658	1
2	287.20828	1
2	268.56728	1
2	261.11088	1
2	291.68212	1
2	280.1247	1
2	282.73444	1
2	254.40012	1
2	254.40012	1
2	251.79038	1
2	276.3965	1
2	247.68936	1
2	276.3965	1
2	273.78676	1
2	277.88778	1
2	231.28528	1
2	244.33398	1
2	225.32016	1
2	230.16682	1
2	224.94734	1
2	259.6196	1
2	220.4735	1
2	260.73806	1
2	264.09344	1
2	299.13852	1
2	214.50838	1
2	247.68936	1
2	247.68936	1
2	259.99242	1
2	240.60578	1
2	237.99604	1
2	249.92628	1
2	274.15958	1
2	251.79038	1
2	262.22934	1
2	230.53964	1
2	298.39288	1
2	285.717	1
2	273.41394	1
2	244.7068	1
2	245.82526	1
2	242.8427	1
2	256.63704	1
2	250.2991	1
2	293.1734	1
2	285.717	1
2	302.12108	1
2	291.3093	1
2	276.76932	1
2	246.19808	1
2	223.82888	1
2	243.58834	1
2	256.63704	1
2	308.45902	1
2	253.28166	1
2	228.67554	1
2	233.14938	1
2	230.91246	1
3	330.82822	1
3	305.10364	1
3	308.83184	1
3	283.8529	1
3	320.01644	1
3	353.94306	1
3	345.3682	1
3	286.46264	1
3	334.55642	1
3	349.0964	1
3	310.69594	1
3	315.5426	1
3	296.15596	1
3	319.2708	1
3	305.84928	1
3	291.3093	1
3	341.64	1
3	358.78972	1
3	300.6298	1
3	298.39288	1
3	369.6015	1
3	328.96412	1
3	327.84566	1
3	331.57386	1
3	348.35076	1
3	323.74464	1
3	324.8631	1
3	338.28462	1
3	338.65744	1
3	292.80058	1
3	304.73082	1
3	347.2323	1
3	286.83546	1
3	313.30568	1
3	312.56004	1
3	296.15596	1
3	376.68508	1
3	332.3195	1
3	365.8733	1
3	381.90456	1
3	311.06876	1
3	376.68508	1
3	321.1349	1
3	359.53536	1
3	287.95392	1
3	371.09278	1
3	284.97136	1
3	278.63342	1
3	287.282844	1
3	369.6015	1
3	362.51792	1
3	348.72358	1
3	306.96774	1
3	307.71338	1
3	319.64362	1
3	299.51134	1
3	318.89798	1
3	337.16616	1
3	331.94668	1
3	302.12108	1
3	264.46626	1
3	339.03026	1
3	371.09278	1
3	337.9118	1
3	300.6298	1
3	359.53536	1
3	322.999	1
3	317.03388	1
3	350.58768	1
3	293.91904	1
3	314.05132	1
3	343.13128	1
3	325.98156	1
3	298.02006	1
3	321.50772	1
3	311.44158	1
3	274.5324	1
3	350.21486	1
3	299.88416	1
3	292.42776	1
3	296.15596	1
3	332.69232	1
3	280.1247	1
3	331.57386	1
3	304.358	1
3	288.32674	1
3	290.56366	1
3	290.56366	1
3	255.51858	1
3	334.92924	1
3	352.45178	1
3	295.0375	1
3	337.16616	1
3	269.31292	1
3	246.19808	1
3	323.37182	1
3	320.01644	1
3	310.69594	1
3	329.70976	1
3	323.74464	1
3	321.50772	1
3	304.73082	1
3	303.98518	1
3	286.46264	1
3	312.56004	1
3	295.41032	1
3	323.74464	1
3	317.77952	1
3	293.1734	1
3	255.14576	1
3	309.9503	1
3	306.59492	1
3	341.64	1
3	279.37906	1
3	305.47646	1
3	279.00624	1
3	307.34056	1
3	301.37544	1
3	282.36162	1
3	309.20466	1
3	338.65744	1
3	330.4554	1
3	307.71338	1
3	275.65086	1
3	349.0964	1
3	334.1836	1
3	327.10002	1
3	308.83184	1
3	290.19084	1
3	298.02006	1
3	300.25698	1
3	320.76208	1
3	371.4656	1
3	323.37182	1
3	355.80716	1
3	350.58768	1
3	318.15234	1
3	293.54622	1
3	269.68574	1
3	297.27442	1
3	318.89798	1
3	362.89074	1
3	284.22572	1
3	290.56366	1
3	258.87396	1
4	364.0092	1
4	402.78248	1
4	354.6887	1
4	359.53536	1
4	331.94668	1
4	359.16254	1
4	361.02664	1
4	330.4554	1
4	383.02302	1
4	410.6117	1
4	326.35438	1
4	349.0964	1
4	408.00196	1
4	382.27738	1
4	349.46922	1
4	386.00558	1
4	412.84862	1
4	371.83842	1
4	396.44454	1
4	431.1168	1
4	353.57024	1
4	432.60808	1
4	357.67126	1
4	387.86968	1
4	327.10002	1
4	411.73016	1
4	327.84566	1
4	330.4554	1
4	327.547404	1
4	416.57682	1
4	395.32608	1
4	375.1938	1
4	360.65382	1
4	360.65382	1
4	362.51792	1
4	347.97794	1
4	355.43434	1
4	363.26356	1
4	371.09278	1
4	357.67126	1
4	337.53898	1
4	391.22506	1
4	397.19018	1
4	382.27738	1
4	364.38202	1
4	398.30864	1
4	361.02664	1
4	352.07896	1
4	394.58044	1
4	327.47284	1
4	355.06152	1
4	372.21124	1
4	347.97794	1
4	332.3195	1
4	353.19742	1
4	343.13128	1
4	315.91542	1
4	405.76504	1
4	349.0964	1
4	322.25336	1
4	334.1836	1
4	354.6887	1
4	322.25336	1
4	381.53174	1
4	347.2323	1
4	332.3195	1
4	330.08258	1
4	362.89074	1
4	320.76208	1
4	344.62256	1
4	348.72358	1
4	350.9605	1
4	339.03026	1
4	349.46922	1
4	352.45178	1
4	352.8246	1
4	330.82822	1
4	347.60512	1
4	339.7759	1
4	352.07896	1
4	334.92924	1
4	362.89074	1
4	348.35076	1
4	315.16978	1
4	274.15958	1
4	343.87692	1
4	326.35438	1
4	373.3297	1
4	298.7657	1
4	343.13128	1
4	304.73082	1
4	328.5913	1
4	334.92924	1
4	311.44158	1
4	348.72358	1
4	371.09278	1
4	378.17636	1
4	342.01282	1
4	316.66106	1
4	379.66764	1
4	369.97432	1
4	318.52516	1
4	345.3682	1
4	332.69232	1
4	357.29844	1
4	402.03684	1
4	349.84204	1
4	377.0579	1
4	394.58044	1
4	366.24612	1
4	325.23592	1
4	305.47646	1
4	336.42052	1
4	370.71996	1
4	392.34352	1
4	325.23592	1
4	321.88054	1
4	292.42776	1
5	439.69166	1
5	396.81736	1
5	422.91476	1
5	460.19676	1
5	393.08916	1
5	467.65316	1
5	392.71634	1
5	406.51068	1
5	357.29844	1
5	443.79268	1
5	353.94306	1
5	370.34714	1
5	357.745824	1
5	442.3014	1
5	423.6604	1
5	399.79992	1
5	389.73378	1
5	383.39584	1
5	419.18656	1
5	415.08554	1
5	418.44092	1
5	399.4271	1
5	424.77886	1
5	378.54918	1
5	377.43072	1
5	426.64296	1
5	353.57024	1
5	380.41328	1
5	394.58044	1
5	374.07534	1
5	353.57024	1
5	374.82098	1
5	382.6502	1
5	348.72358	1
5	435.96346	1
5	378.922	1
5	358.04408	1
5	360.281	1
5	372.21124	1
5	343.87692	1
5	414.3399	1
5	367.7374	1
5	351.33332	1
5	357.29844	1
5	415.45836	1
5	347.2323	1
5	388.61532	1
5	366.61894	1
5	391.9707	1
5	353.94306	1
5	364.0092	1
5	373.70252	1
5	377.43072	1
5	344.24974	1
5	344.99538	1
5	301.37544	1
5	388.61532	1
5	366.99176	1
5	412.4758	1
5	342.75846	1
5	380.7861	1
5	343.13128	1
5	362.1451	1
5	361.02664	1
5	340.14872	1
5	377.43072	1
5	393.46198	1
5	405.76504	1
5	362.89074	1
5	347.97794	1
5	403.90094	1
5	333.43796	1
5	379.29482	1
5	383.02302	1
5	394.58044	1
5	421.05066	1
5	370.34714	1
5	392.34352	1
5	428.13424	1
5	393.46198	1
5	359.90818	1
5	324.8631	1
5	361.02664	1
5	404.27376	1
5	415.08554	1
5	344.99538	1
5	347.97794	1
5	336.79334	1
6	412.4758	1
6	440.4373	1
6	438.5732	1
6	445.28396	1
6	422.54194	1
6	447.14806	1
6	391.22506	1
6	393.46198	1
6	442.3014	1
6	374.82098	1
6	396.81736	1
6	406.51068	1
6	397.19018	1
6	370.34714	1
6	444.1655	1
6	367.36458	1
6	415.83118	1
6	381.15892	1
6	417.32246	1
6	376.31226	1
6	378.54918	1
6	393.8348	1
6	399.79992	1
6	356.17998	1
6	359.16254	1
6	322.25336	1
6	411.73016	1
6	391.22506	1
6	432.9809	1
6	365.50048	1
6	415.08554	1
6	374.44816	1
6	386.3784	1
6	385.63276	1
6	363.63638	1
6	400.17274	1
6	413.22144	1
6	424.77886	1
6	382.27738	1
6	360.65382	1
6	407.62914	1
6	414.71272	1
6	415.08554	1
6	441.55576	1
6	387.86968	1
6	406.51068	1
6	443.79268	1
6	410.6117	1
6	377.80354	1
6	344.24974	1
6	387.49686	1
6	428.50706	1
6	361.02664	1
6	361.39946	1
6	360.281	1
7	384.88712	1
7	468.3988	1
7	386.3784	1
7	441.55576	1
7	379.29482	1
7	340.52154	1
7	424.03322	1
7	413.96708	1
7	450.50344	1
7	385.63276	1
7	443.79268	1
7	391.59788	1
7	401.2912	1
7	408.00196	1
7	381.53174	1
7	414.71272	1
7	431.86244	1
7	443.79268	1
7	400.91838	1
7	383.76866	1
7	429.99834	1
7	435.21782	1
7	457.58702	1
7	398.30864	1
7	413.59426	1
7	455.72292	1
7	423.28758	1
7	396.07172	1
7	360.65382	1
7	404.64658	1
7	444.1655	1
7	371.09278	1
7	370.71996	1
7	375.1938	1
8	396.81736	1
8	350.9605	1
8	432.23526	1
8	431.1168	1
8	467.28034	1
8	405.0194	1
8	462.06086	1
8	415.83118	1
8	410.6117	1
8	397.19018	1
8	444.91114	1
8	452.36754	1
8	469.51726	1
8	414.3399	1
8	426.64296	1
8	471.38136	1
8	434.47218	1
8	416.94964	1
8	369.22868	1
8	413.96708	1
8	460.19676	1
8	377.0579	1
8	381.15892	1
8	385.63276	1
9	404.64658	1
9	484.43006	1
9	427.3886	1
9	437.82756	1
9	482.19314	1
9	451.6219	1
9	425.89732	1
9	381.15892	1
9	427.3886	1
9	473.24546	1
9	388.98814	1
9	394.58044	1
9	396.81736	1
10	500.0885	1
10	440.4373	1
10	449.38498	1
10	391.22506	1
10	440.06448	1
10	486.29416	1
10	397.19018	1
10	403.52812	1
10	409.12042	1
11	401.2912	1
11	450.87626	1
11	493.37774	1
11	403.52812	1
11	412.84862	1
11	417.69528	1
12	411.73016	1
12	423.28758	1
12	425.15168	1
13	438.20038	1
1	195.49456	2
1	194.00328	2
1	194.3761	2
1	184.68278	2
1	196.98584	2
1	196.98584	2
1	200.71404	2
1	204.06942	2
1	201.45968	2
1	214.50838	2
1	202.95096	2
1	230.16682	2
1	220.4735	2
1	201.45968	2
1	221.96478	2
1	206.30634	2
1	228.30272	2
1	216.7453	2
1	200.71404	2
1	203.6966	2
1	217.11812	2
1	215.62684	2
1	197.73148	2
1	207.79762	2
1	189.90226	2
1	194.74892	2
1	183.56432	2
1	199.9684	2
1	188.7838	2
1	206.30634	2
1	212.27146	2
1	186.9197	2
1	199.59558	2
1	195.12174	2
1	210.78018	2
1	185.0556	2
1	204.06942	2
1	201.45968	2
1	187.66534	2
1	180.58176	2
1	208.54326	2
1	196.61302	2
1	196.98584	2
1	193.25764	2
1	216.37248	2
1	203.6966	2
1	209.66172	2
1	185.0556	2
1	225.69298	2
1	215.62684	2
1	209.2889	2
1	195.49456	2
1	205.5607	2
1	216.37248	2
1	211.89864	2
1	204.44224	2
1	208.91608	2
1	195.86738	2
1	218.23658	2
1	204.44224	2
1	227.18426	2
1	212.27146	2
1	188.41098	2
1	196.98584	2
1	194.3761	2
1	226.0658	2
1	207.4248	2
1	193.63046	2
1	180.58176	2
1	206.67916	2
1	201.08686	2
1	204.06942	2
1	200.34122	2
1	201.45968	2
1	206.30634	2
1	210.40736	2
1	197.35866	2
1	211.153	2
1	219.35504	2
1	186.17406	2
1	203.6966	2
1	200.34122	2
1	205.18788	2
1	200.71404	2
1	198.84994	2
1	185.0556	2
1	182.44586	2
1	214.13556	2
1	184.68278	2
1	197.35866	2
1	206.30634	2
1	201.08686	2
1	202.95096	2
1	204.81506	2
1	197.35866	2
1	214.50838	2
1	204.81506	2
1	200.34122	2
1	206.67916	2
1	215.62684	2
1	223.45606	2
1	207.05198	2
1	210.03454	2
1	201.45968	2
1	208.54326	2
1	198.47712	2
1	215.62684	2
1	189.52944	2
1	215.25402	2
1	213.38992	2
1	204.81506	2
1	198.1043	2
1	186.17406	2
1	205.18788	2
1	206.67916	2
1	191.39354	2
1	207.4248	2
1	197.35866	2
1	184.30996	2
1	192.512	2
1	200.34122	2
1	190.6479	2
1	204.81506	2
1	206.30634	2
1	217.49094	2
1	199.59558	2
1	190.6479	2
1	209.2889	2
1	184.30996	2
1	194.3761	2
1	202.57814	2
1	205.5607	2
1	200.34122	2
1	203.6966	2
1	204.44224	2
1	207.4248	2
1	191.76636	2
1	187.66534	2
1	209.2889	2
1	214.13556	2
1	199.9684	2
1	211.89864	2
1	208.17044	2
1	198.1043	2
1	202.95096	2
1	212.27146	2
1	196.2402	2
1	198.84994	2
1	205.18788	2
1	217.86376	2
1	206.67916	2
1	212.27146	2
1	199.22276	2
1	196.98584	2
1	217.49094	2
1	199.22276	2
1	189.52944	2
1	210.03454	2
1	191.02072	2
1	205.5607	2
1	187.66534	2
1	198.84994	2
1	203.32378	2
1	210.40736	2
1	214.8812	2
1	192.512	2
1	208.54326	2
1	189.90226	2
1	210.40736	2
1	208.54326	2
1	202.95096	2
1	214.8812	2
1	197.73148	2
1	229.794	2
1	207.4248	2
1	213.76274	2
1	215.62684	2
1	215.99966	2
1	184.30996	2
1	206.67916	2
1	184.68278	2
1	198.47712	2
1	208.91608	2
1	213.76274	2
1	203.6966	2
1	196.2402	2
1	193.63046	2
1	206.30634	2
1	192.512	2
1	213.76274	2
1	223.08324	2
1	188.7838	2
1	210.40736	2
1	191.76636	2
1	185.0556	2
1	204.81506	2
1	194.00328	2
1	183.1915	2
1	196.2402	2
1	210.40736	2
1	188.7838	2
1	196.98584	2
1	200.34122	2
1	209.2889	2
1	207.4248	2
1	185.80124	2
1	195.49456	2
1	196.2402	2
1	204.81506	2
1	211.89864	2
1	206.30634	2
1	183.1915	2
1	204.06942	2
1	199.59558	2
1	189.52944	2
1	199.22276	2
1	203.32378	2
1	219.72786	2
1	217.49094	2
1	198.47712	2
1	205.93352	2
1	194.00328	2
1	199.59558	2
1	186.17406	2
1	208.54326	2
1	190.27508	2
1	196.2402	2
1	199.22276	2
1	187.66534	2
1	215.25402	2
1	194.3761	2
1	190.6479	2
1	187.66534	2
1	183.93714	2
1	191.39354	2
1	205.93352	2
1	222.3376	2
1	195.12174	2
1	193.25764	2
1	208.91608	2
1	206.67916	2
1	197.35866	2
1	211.153	2
1	216.37248	2
1	184.68278	2
1	185.42842	2
1	215.25402	2
1	184.30996	2
1	180.95458	2
1	194.3761	2
1	189.52944	2
1	192.88482	2
1	191.02072	2
1	196.2402	2
1	205.18788	2
1	217.49094	2
1	198.47712	2
1	222.3376	2
1	214.8812	2
1	205.5607	2
1	201.45968	2
1	210.40736	2
1	209.66172	2
1	216.37248	2
1	216.7453	2
1	196.98584	2
1	201.45968	2
1	183.1915	2
1	200.34122	2
1	187.29252	2
1	188.41098	2
1	199.22276	2
1	197.73148	2
1	204.81506	2
1	204.81506	2
1	214.13556	2
1	205.18788	2
1	196.61302	2
1	203.6966	2
1	190.6479	2
1	196.61302	2
1	203.6966	2
1	202.20532	2
1	216.7453	2
1	199.22276	2
1	223.45606	2
1	233.89502	2
1	234.64066	2
1	192.512	2
1	235.01348	2
1	214.8812	2
1	222.3376	2
1	199.9684	2
1	229.794	2
1	197.35866	2
1	204.81506	2
1	190.27508	2
1	215.62684	2
1	201.8325	2
1	200.34122	2
1	206.67916	2
1	198.84994	2
1	207.4248	2
1	196.2402	2
1	216.7453	2
1	212.64428	2
1	219.72786	2
1	213.38992	2
1	207.79762	2
1	220.10068	2
1	205.18788	2
1	216.7453	2
1	208.91608	2
1	212.27146	2
2	284.59854	2
2	286.08982	2
2	304.73082	2
2	291.68212	2
2	244.7068	2
2	236.13194	2
2	254.40012	2
2	217.49094	2
2	286.46264	2
2	257.00986	2
2	267.82164	2
2	265.2119	2
2	259.6196	2
2	320.76208	2
2	280.87034	2
2	324.11746	2
2	283.10726	2
2	271.92266	2
2	286.46264	2
2	258.50114	2
2	303.61236	2
2	275.27804	2
2	273.41394	2
2	254.77294	2
2	257.00986	2
2	228.30272	2
2	259.24678	2
2	233.89502	2
2	235.75912	2
2	227.18426	2
2	227.55708	2
2	221.59196	2
2	237.2504	2
2	260.73806	2
2	279.00624	2
2	225.69298	2
2	255.14576	2
2	237.99604	2
2	259.99242	2
2	217.11812	2
2	254.40012	2
2	239.1145	2
2	215.25402	2
2	209.66172	2
2	253.65448	2
2	233.14938	2
2	225.69298	2
2	221.96478	2
2	270.8042	2
2	246.19808	2
2	259.24678	2
2	243.21552	2
2	257.7555	2
2	262.97498	2
2	242.46988	2
2	237.99604	2
2	234.64066	2
2	245.07962	2
2	255.51858	2
2	228.30272	2
2	234.26784	2
2	270.05856	2
2	270.8042	2
2	239.1145	2
2	281.61598	2
2	245.07962	2
2	283.8529	2
2	286.08982	2
2	292.05494	2
2	267.44882	2
2	282.73444	2
2	237.99604	2
2	294.66468	2
2	267.44882	2
2	216.7453	2
2	227.9299	2
2	229.794	2
2	274.5324	2
2	307.71338	2
2	264.83908	2
2	218.23658	2
2	289.07238	2
2	311.8144	2
2	295.41032	2
2	237.99604	2
2	233.14938	2
2	257.00986	2
2	251.79038	2
2	236.87758	2
2	267.076	2
2	262.97498	2
2	221.21914	2
2	233.14938	2
2	289.07238	2
2	227.18426	2
2	230.53964	2
2	226.81144	2
2	227.55708	2
2	212.64428	2
2	251.79038	2
2	229.04836	2
2	221.96478	2
2	232.03092	2
2	231.6581	2
2	246.19808	2
2	246.19808	2
2	225.69298	2
2	249.18064	2
2	249.55346	2
2	241.72424	2
2	242.46988	2
2	249.18064	2
2	282.36162	2
2	246.94372	2
2	245.45244	2
2	236.87758	2
2	237.99604	2
2	223.82888	2
2	254.77294	2
2	214.50838	2
2	242.8427	2
2	246.94372	2
2	237.2504	2
2	224.2017	2
2	220.10068	2
2	230.91246	2
2	239.1145	2
2	218.23658	2
2	245.45244	2
2	227.9299	2
2	210.40736	2
2	225.32016	2
2	236.50476	2
2	227.55708	2
2	242.8427	2
2	247.68936	2
2	244.33398	2
2	237.99604	2
2	223.45606	2
2	259.24678	2
2	232.77656	2
2	226.81144	2
2	237.99604	2
2	237.62322	2
2	239.48732	2
2	236.87758	2
2	238.74168	2
2	262.97498	2
2	228.30272	2
2	220.10068	2
2	247.31654	2
2	245.82526	2
2	245.45244	2
2	242.46988	2
2	247.68936	2
2	234.26784	2
2	244.7068	2
2	243.96116	2
2	239.86014	2
2	227.9299	2
2	246.19808	2
2	249.18064	2
2	245.45244	2
2	249.18064	2
2	232.03092	2
2	270.05856	2
2	268.9401	2
2	277.51496	2
2	262.97498	2
2	300.6298	2
2	297.27442	2
2	232.03092	2
2	279.75188	2
2	223.45606	2
2	245.07962	2
2	269.68574	2
2	251.79038	2
2	237.62322	2
2	234.26784	2
2	236.87758	2
2	252.53602	2
2	218.98222	2
2	237.62322	2
2	248.80782	2
2	218.98222	2
2	255.51858	2
2	227.55708	2
2	213.38992	2
2	234.64066	2
2	220.4735	2
2	213.38992	2
2	235.75912	2
2	237.2504	2
2	233.14938	2
2	225.32016	2
2	218.98222	2
2	240.9786	2
2	239.48732	2
2	213.38992	2
2	269.68574	2
2	236.13194	2
2	249.92628	2
2	302.4939	2
2	238.74168	2
2	210.40736	2
2	239.48732	2
2	242.46988	2
2	230.16682	2
2	239.1145	2
2	245.82526	2
2	260.73806	2
2	265.58472	2
2	227.18426	2
2	257.7555	2
2	229.42118	2
2	236.50476	2
2	231.28528	2
2	279.37906	2
2	222.3376	2
2	219.35504	2
2	249.92628	2
2	227.9299	2
2	250.67192	2
2	231.6581	2
2	219.72786	2
2	238.74168	2
2	205.5607	2
2	226.81144	2
2	235.75912	2
2	249.55346	2
2	220.10068	2
2	228.67554	2
2	249.18064	2
2	238.36886	2
2	232.77656	2
2	246.94372	2
2	265.95754	2
2	219.72786	2
2	210.78018	2
2	248.435	2
2	214.50838	2
2	221.96478	2
2	221.21914	2
2	229.794	2
2	221.21914	2
2	229.794	2
2	233.89502	2
2	240.23296	2
2	254.40012	2
2	230.53964	2
2	251.79038	2
2	291.3093	2
2	267.076	2
2	296.15596	2
2	281.24316	2
2	256.26422	2
2	270.43138	2
2	236.87758	2
2	242.46988	2
2	240.60578	2
2	268.56728	2
2	259.99242	2
2	273.41394	2
2	236.50476	2
2	253.28166	2
2	297.64724	2
2	276.02368	2
2	245.45244	2
2	268.56728	2
2	259.24678	2
2	211.89864	2
2	240.60578	2
2	243.21552	2
2	219.72786	2
2	236.50476	2
2	237.2504	2
2	240.9786	2
2	227.55708	2
2	255.8914	2
2	270.8042	2
2	231.28528	2
2	299.13852	2
2	293.91904	2
2	292.05494	2
2	267.076	2
2	318.52516	2
2	281.24316	2
2	291.68212	2
2	241.72424	2
2	276.3965	2
2	252.90884	2
2	228.30272	2
2	236.50476	2
2	255.8914	2
2	283.10726	2
2	254.0273	2
2	245.07962	2
2	241.72424	2
2	262.97498	2
2	227.55708	2
2	254.0273	2
2	288.32674	2
2	280.49752	2
2	317.4067	2
2	270.8042	2
2	227.9299	2
2	287.95392	2
2	245.45244	2
2	264.09344	2
2	237.62322	2
2	263.3478	2
2	242.46988	2
2	277.14214	2
2	238.74168	2
2	242.09706	2
2	246.5709	2
2	231.28528	2
2	286.83546	2
2	237.99604	2
2	242.8427	2
2	262.22934	2
2	286.08982	2
2	259.6196	2
2	228.30272	2
2	264.83908	2
2	295.78314	2
2	265.58472	2
2	257.00986	2
2	306.59492	2
2	273.04112	2
2	233.14938	2
2	286.46264	2
2	287.95392	2
2	302.12108	2
2	279.75188	2
2	244.33398	2
2	239.48732	2
2	259.99242	2
2	250.2991	2
2	259.6196	2
2	239.86014	2
2	235.75912	2
2	279.75188	2
2	263.3478	2
2	268.9401	2
2	298.02006	2
2	242.09706	2
2	268.19446	2
2	233.5222	2
2	275.65086	2
2	248.435	2
2	312.56004	2
2	230.91246	2
2	259.99242	2
2	277.14214	2
2	302.4939	2
2	251.04474	2
2	238.36886	2
2	250.2991	2
2	250.2991	2
2	249.55346	2
2	282.36162	2
2	219.35504	2
2	299.88416	2
2	293.91904	2
2	273.78676	2
2	296.15596	2
2	263.3478	2
2	276.3965	2
2	251.41756	2
2	259.24678	2
3	316.66106	2
3	315.5426	2
3	322.25336	2
3	327.84566	2
3	365.50048	2
3	358.78972	2
3	297.64724	2
3	295.78314	2
3	308.83184	2
3	312.18722	2
3	370.71996	2
3	324.8631	2
3	397.19018	2
3	331.94668	2
3	312.56004	2
3	344.24974	2
3	302.4939	2
3	363.63638	2
3	309.20466	2
3	318.15234	2
3	322.25336	2
3	296.52878	2
3	274.15958	2
3	316.28824	2
3	290.19084	2
3	269.68574	2
3	268.56728	2
3	262.97498	2
3	240.9786	2
3	311.06876	2
3	302.68031	2
3	308.83184	2
3	290.19084	2
3	287.95392	2
3	255.51858	2
3	307.71338	2
3	290.93648	2
3	311.8144	2
3	310.69594	2
3	316.28824	2
3	289.81802	2
3	350.21486	2
3	281.61598	2
3	338.65744	2
3	305.84928	2
3	245.82526	2
3	287.95392	2
3	271.54984	2
3	352.8246	2
3	334.92924	2
3	286.46264	2
3	271.54984	2
3	317.4067	2
3	343.5041	2
3	322.25336	2
3	259.99242	2
3	264.83908	2
3	289.4452	2
3	287.20828	2
3	268.56728	2
3	316.66106	2
3	296.15596	2
3	252.1632	2
3	278.2606	2
3	322.62618	2
3	246.94372	2
3	300.6298	2
3	296.52878	2
3	374.82098	2
3	313.6785	2
3	283.48008	2
3	324.8631	2
3	350.21486	2
3	296.9016	2
3	302.4939	2
3	296.15596	2
3	289.81802	2
3	321.88054	2
3	365.50048	2
3	284.22572	2
3	327.84566	2
3	255.14576	2
3	302.4939	2
3	324.11746	2
3	309.20466	2
3	293.91904	2
3	291.3093	2
3	276.76932	2
3	279.00624	2
3	287.20828	2
3	266.70318	2
3	280.87034	2
3	245.45244	2
3	283.48008	2
3	253.28166	2
3	247.68936	2
3	262.22934	2
3	251.04474	2
3	244.33398	2
3	277.51496	2
3	259.99242	2
3	290.56366	2
3	291.3093	2
3	244.7068	2
3	312.18722	2
3	262.97498	2
3	248.435	2
3	306.59492	2
3	268.56728	2
3	305.10364	2
3	348.35076	2
3	268.56728	2
3	237.62322	2
3	297.64724	2
3	289.81802	2
3	287.20828	2
3	278.2606	2
3	268.56728	2
3	311.8144	2
3	287.20828	2
3	316.28824	2
3	302.4939	2
3	276.76932	2
3	287.95392	2
3	258.50114	2
3	258.12832	2
3	268.9401	2
3	314.05132	2
3	306.96774	2
3	322.999	2
3	287.95392	2
3	314.79696	2
3	355.43434	2
3	311.44158	2
3	277.14214	2
3	292.42776	2
3	283.8529	2
3	260.36524	2
3	275.65086	2
3	271.92266	2
3	245.07962	2
3	261.4837	2
3	295.78314	2
3	266.33036	2
3	255.51858	2
3	286.83546	2
3	328.5913	2
3	280.87034	2
3	323.74464	2
3	274.90522	2
3	301.37544	2
3	281.24316	2
3	251.79038	2
3	291.234736	2
3	321.1349	2
3	306.2221	2
3	322.25336	2
3	287.20828	2
3	342.01282	2
3	294.66468	2
3	310.32312	2
3	305.47646	2
3	300.25698	2
3	288.32674	2
3	291.3093	2
3	260.36524	2
3	269.68574	2
3	308.0862	2
3	273.04112	2
3	292.05494	2
3	282.73444	2
3	325.60874	2
3	260.36524	2
3	304.358	2
3	331.20104	2
3	337.53898	2
3	380.04046	2
3	319.64362	2
3	291.3093	2
3	349.84204	2
3	302.4939	2
3	306.96774	2
3	282.36162	2
3	339.7759	2
3	306.59492	2
3	307.71338	2
3	306.96774	2
3	284.97136	2
3	299.13852	2
3	250.67192	2
3	322.25336	2
3	298.02006	2
3	269.31292	2
3	285.34418	2
3	306.59492	2
3	277.88778	2
3	252.53602	2
3	286.83546	2
3	314.05132	2
3	278.2606	2
3	265.95754	2
3	319.2708	2
3	296.52878	2
3	249.55346	2
3	303.98518	2
3	308.83184	2
3	339.40308	2
3	306.2221	2
3	261.85652	2
3	255.8914	2
3	314.42414	2
3	304.358	2
3	296.15596	2
3	258.12832	2
3	281.9888	2
3	295.78314	2
3	284.97136	2
3	287.5811	2
3	320.76208	2
3	281.24316	2
3	301.00262	2
3	259.6196	2
3	288.69956	2
3	290.19084	2
3	343.13128	2
3	249.55346	2
3	287.20828	2
3	298.7657	2
3	327.84566	2
3	315.16978	2
3	315.16978	2
3	311.8144	2
3	320.38926	2
3	309.20466	2
3	308.45902	2
3	312.93286	2
3	281.61598	2
3	323.37182	2
3	317.03388	2
3	287.95392	2
3	318.52516	2
3	281.9888	2
3	299.88416	2
3	265.58472	2
3	282.36162	2
4	378.17636	2
4	356.17998	2
4	341.64	2
4	381.15892	2
4	360.65382	2
4	334.55642	2
4	350.9605	2
4	386.75122	2
4	328.21848	2
4	346.48666	2
4	353.94306	2
4	317.03388	2
4	336.79334	2
4	330.4554	2
4	298.39288	2
4	369.6015	2
4	343.13128	2
4	357.67126	2
4	366.61894	2
4	369.22868	2
4	333.06514	2
4	379.29482	2
4	296.52878	2
4	350.58768	2
4	322.999	2
4	269.68574	2
4	316.66106	2
4	335.67488	2
4	380.41328	2
4	361.39946	2
4	303.98518	2
4	305.47646	2
4	349.46922	2
4	361.77228	2
4	343.13128	2
4	319.2708	2
4	339.03026	2
4	393.08916	2
4	350.9605	2
4	322.62618	2
4	355.06152	2
4	388.2425	2
4	340.14872	2
4	346.11384	2
4	349.46922	2
4	333.43796	2
4	368.11022	2
4	387.12404	2
4	305.10364	2
4	342.38564	2
4	277.88778	2
4	319.64362	2
4	339.40308	2
4	332.3195	2
4	323.37182	2
4	310.32312	2
4	320.01644	2
4	296.9016	2
4	337.9118	2
4	322.25336	2
4	336.79334	2
4	331.57386	2
4	384.88712	2
4	383.02302	2
4	328.96412	2
4	315.16978	2
4	305.10364	2
4	343.5041	2
4	318.89798	2
4	368.11022	2
4	343.87692	2
4	322.62618	2
4	358.4169	2
4	286.08982	2
4	300.6298	2
4	303.23954	2
4	337.9118	2
4	329.33694	2
4	334.92924	2
4	308.83184	2
4	337.16616	2
4	372.58406	2
4	321.1349	2
4	323.37182	2
4	336.0477	2
4	303.23954	2
4	281.61598	2
4	324.49028	2
4	320.01644	2
4	278.63342	2
4	353.94306	2
4	318.52516	2
4	327.47284	2
4	300.25698	2
4	272.6683	2
4	310.621376	2
4	349.84204	2
4	358.4169	2
4	363.63638	2
4	326.35438	2
4	377.43072	2
4	340.89436	2
4	343.5041	2
4	324.49028	2
4	350.9605	2
4	310.69594	2
4	312.93286	2
4	305.10364	2
4	311.8144	2
4	343.5041	2
4	305.10364	2
4	336.0477	2
4	309.57748	2
4	351.70614	2
4	319.2708	2
4	362.51792	2
4	362.89074	2
4	415.83118	2
4	413.22144	2
4	365.8733	2
4	320.38926	2
4	389.36096	2
4	369.6015	2
4	350.58768	2
4	320.01644	2
4	329.33694	2
4	308.45902	2
4	357.67126	2
4	320.38926	2
4	342.01282	2
4	322.62618	2
4	302.86672	2
4	319.64362	2
4	280.1247	2
4	347.60512	2
4	377.80354	2
4	327.84566	2
4	342.75846	2
4	343.87692	2
4	342.75846	2
4	308.83184	2
4	331.57386	2
4	350.9605	2
4	333.43796	2
4	296.15596	2
4	362.51792	2
4	344.99538	2
4	292.42776	2
4	341.64	2
4	344.24974	2
4	394.20762	2
4	343.13128	2
4	300.25698	2
4	294.66468	2
4	332.69232	2
4	323.37182	2
4	309.57748	2
4	326.7272	2
4	305.10364	2
4	337.9118	2
4	317.03388	2
4	330.82822	2
4	352.8246	2
4	311.06876	2
4	335.30206	2
4	307.71338	2
4	326.35438	2
4	371.4656	2
4	383.02302	2
4	301.00262	2
4	329.33694	2
4	348.35076	2
4	369.97432	2
4	353.94306	2
4	339.7759	2
4	336.42052	2
4	349.84204	2
4	328.96412	2
4	331.57386	2
4	359.90818	2
4	332.69232	2
4	371.4656	2
4	395.6989	2
4	334.92924	2
4	352.07896	2
4	315.91542	2
4	337.9118	2
4	299.51134	2
4	316.28824	2
5	410.23888	2
5	392.34352	2
5	384.14148	2
5	375.93944	2
5	380.41328	2
5	400.91838	2
5	367.36458	2
5	342.75846	2
5	368.85586	2
5	418.81374	2
5	369.6015	2
5	359.90818	2
5	387.12404	2
5	420.30502	2
5	353.94306	2
5	356.17998	2
5	367.7374	2
5	360.281	2
5	379.66764	2
5	408.00196	2
5	333.06514	2
5	362.51792	2
5	303.98518	2
5	344.24974	2
5	354.6887	2
5	361.77228	2
5	346.48666	2
5	359.90818	2
5	369.97432	2
5	344.99538	2
5	366.24612	2
5	381.53174	2
5	411.35734	2
5	397.563	2
5	360.281	2
5	352.07896	2
5	319.2708	2
5	356.17998	2
5	332.3195	2
5	383.02302	2
5	367.7374	2
5	335.30206	2
5	374.07534	2
5	304.358	2
5	315.5426	2
5	332.69232	2
5	350.58768	2
5	350.9605	2
5	346.48666	2
5	341.64	2
5	361.02664	2
5	384.5143	2
5	336.0477	2
5	353.94306	2
5	368.85586	2
5	326.35438	2
5	322.62618	2
5	376.31226	2
5	378.54918	2
5	380.41328	2
5	363.26356	2
5	387.49686	2
5	377.43072	2
5	374.07534	2
5	350.9605	2
5	360.281	2
5	339.40308	2
5	316.28824	2
5	359.833616	2
5	360.281	2
5	369.6015	2
5	376.31226	2
5	342.01282	2
5	392.71634	2
5	356.5528	2
5	354.31588	2
5	372.58406	2
5	362.1451	2
5	321.88054	2
5	361.77228	2
5	327.10002	2
5	324.11746	2
5	361.02664	2
5	324.11746	2
5	350.9605	2
5	330.4554	2
5	379.66764	2
5	367.7374	2
5	414.71272	2
5	403.1553	2
5	443.41986	2
5	431.48962	2
5	397.19018	2
5	407.62914	2
5	395.6989	2
5	380.7861	2
5	340.52154	2
5	369.97432	2
5	330.4554	2
5	378.54918	2
5	347.97794	2
5	359.53536	2
5	352.8246	2
5	331.20104	2
5	345.3682	2
5	334.92924	2
5	384.88712	2
5	412.4758	2
5	358.78972	2
5	357.67126	2
5	351.33332	2
5	356.92562	2
5	332.69232	2
5	348.72358	2
5	365.50048	2
5	346.11384	2
5	310.32312	2
5	373.70252	2
5	358.4169	2
5	305.84928	2
5	352.07896	2
5	358.04408	2
5	403.1553	2
5	356.92562	2
5	316.66106	2
5	315.16978	2
5	355.43434	2
5	350.21486	2
5	327.84566	2
5	344.99538	2
5	349.0964	2
5	351.33332	2
5	329.33694	2
5	345.3682	2
5	365.8733	2
5	328.5913	2
5	347.60512	2
5	333.06514	2
5	337.53898	2
5	387.49686	2
5	396.44454	2
5	315.16978	2
5	354.31588	2
5	360.281	2
5	381.53174	2
5	387.12404	2
5	361.77228	2
5	371.4656	2
5	374.82098	2
5	348.72358	2
5	372.58406	2
5	366.61894	2
5	351.33332	2
5	391.59788	2
5	408.7476	2
5	346.85948	2
5	365.8733	2
5	328.21848	2
5	351.70614	2
5	311.44158	2
5	323.37182	2
6	369.6015	2
6	398.68146	2
6	406.8835	2
6	374.44816	2
6	459.82394	2
6	401.2912	2
6	373.70252	2
6	376.68508	2
6	386.75122	2
6	362.89074	2
6	437.82756	2
6	384.88712	2
6	371.4656	2
6	368.11022	2
6	397.19018	2
6	397.563	2
6	427.01578	2
6	410.6117	2
6	381.53174	2
6	376.68508	2
6	334.1836	2
6	371.09278	2
6	343.87692	2
6	396.44454	2
6	387.86968	2
6	350.21486	2
6	393.8348	2
6	321.88054	2
6	332.3195	2
6	356.17998	2
6	369.22868	2
6	382.27738	2
6	379.29482	2
6	368.85586	2
6	410.23888	2
6	398.68146	2
6	367.36458	2
6	397.563	2
6	398.30864	2
6	403.90094	2
6	389.36096	2
6	415.83118	2
6	396.07172	2
6	386.75122	2
6	379.29482	2
6	374.07534	2
6	352.45178	2
6	331.94668	2
6	374.746416	2
6	372.95688	2
6	380.04046	2
6	389.73378	2
6	356.5528	2
6	405.76504	2
6	371.4656	2
6	366.61894	2
6	380.04046	2
6	370.71996	2
6	345.74102	2
6	372.21124	2
6	350.9605	2
6	344.99538	2
6	370.71996	2
6	344.24974	2
6	371.83842	2
6	366.61894	2
6	427.3886	2
6	433.35372	2
6	411.35734	2
6	397.93582	2
6	366.61894	2
6	407.25632	2
6	357.29844	2
6	407.25632	2
6	387.12404	2
6	375.1938	2
6	388.2425	2
6	362.89074	2
6	380.04046	2
6	368.48304	2
6	408.00196	2
6	371.09278	2
6	363.26356	2
6	368.48304	2
6	353.57024	2
6	362.1451	2
6	380.04046	2
6	356.5528	2
6	325.98156	2
6	385.63276	2
6	370.71996	2
6	324.11746	2
6	360.65382	2
6	374.44816	2
6	414.71272	2
6	369.22868	2
6	335.30206	2
6	354.31588	2
6	383.39584	2
6	381.15892	2
6	360.65382	2
6	371.4656	2
6	383.76866	2
6	366.61894	2
6	342.75846	2
6	359.90818	2
6	379.29482	2
6	343.5041	2
6	359.16254	2
6	356.5528	2
6	347.60512	2
6	403.90094	2
6	410.23888	2
6	330.82822	2
6	372.95688	2
6	374.82098	2
6	396.07172	2
6	423.6604	2
6	388.2425	2
6	403.52812	2
6	410.6117	2
6	382.6502	2
6	433.35372	2
6	384.5143	2
6	376.68508	2
6	371.09278	2
6	406.8835	2
6	420.30502	2
6	359.53536	2
6	381.53174	2
6	349.0964	2
6	367.36458	2
6	325.60874	2
6	332.69232	2
7	393.8348	2
7	431.86244	2
7	400.17274	2
7	389.36096	2
7	407.62914	2
7	420.67784	2
7	366.24612	2
7	407.62914	2
7	409.86606	2
7	413.59426	2
7	398.30864	2
7	429.62552	2
7	418.81374	2
7	400.17274	2
7	396.07172	2
7	385.63276	2
7	367.36458	2
7	345.74102	2
7	387.422296	2
7	386.3784	2
7	399.79992	2
7	405.76504	2
7	383.39584	2
7	420.30502	2
7	410.23888	2
7	380.7861	2
7	389.73378	2
7	393.8348	2
7	364.38202	2
7	392.71634	2
7	372.95688	2
7	360.65382	2
7	394.58044	2
7	377.43072	2
7	449.38498	2
7	442.3014	2
7	419.18656	2
7	414.71272	2
7	382.27738	2
7	432.9809	2
7	383.76866	2
7	433.72654	2
7	415.45836	2
7	393.8348	2
7	425.15168	2
7	385.25994	2
7	405.0194	2
7	431.1168	2
7	387.49686	2
7	382.27738	2
7	391.22506	2
7	392.34352	2
7	387.12404	2
7	397.93582	2
7	373.70252	2
7	360.65382	2
7	416.204	2
7	390.1066	2
7	344.62256	2
7	380.41328	2
7	396.81736	2
7	432.9809	2
7	382.27738	2
7	357.67126	2
7	393.08916	2
7	405.76504	2
7	413.59426	2
7	380.41328	2
7	401.66402	2
7	403.90094	2
7	362.51792	2
7	378.54918	2
7	393.08916	2
7	373.70252	2
7	374.07534	2
7	385.63276	2
7	363.26356	2
7	440.81012	2
7	428.50706	2
7	372.21124	2
7	397.93582	2
7	389.73378	2
7	419.9322	2
7	449.7578	2
7	410.23888	2
7	447.14806	2
7	436.7091	2
7	403.90094	2
7	453.11318	2
7	400.17274	2
7	391.22506	2
7	398.30864	2
7	427.76142	2
7	443.41986	2
7	384.14148	2
7	407.25632	2
7	381.90456	2
7	389.73378	2
7	342.38564	2
7	356.17998	2
8	435.59064	2
8	394.95326	2
8	427.01578	2
8	448.63934	2
8	456.46856	2
8	411.35734	2
8	386.00558	2
8	457.58702	2
8	452.36754	2
8	427.76142	2
8	432.23526	2
8	447.8937	2
8	406.13786	2
8	398.68146	2
8	407.25632	2
8	437.08192	2
8	408.00196	2
8	416.204	2
8	389.36096	2
8	392.34352	2
8	442.3014	2
8	411.73016	2
8	368.85586	2
8	396.07172	2
8	422.16912	2
8	466.90752	2
8	396.07172	2
8	376.31226	2
8	423.6604	2
8	379.66764	2
8	396.07172	2
8	406.8835	2
8	396.44454	2
8	391.9707	2
8	400.54556	2
8	376.68508	2
8	471.75418	2
8	444.1655	2
8	413.22144	2
8	422.16912	2
8	418.44092	2
8	455.72292	2
8	461.68804	2
8	416.204	2
8	408.7476	2
8	425.15168	2
8	455.72292	2
8	469.51726	2
8	405.39222	2
8	427.3886	2
8	412.10298	2
8	403.52812	2
8	356.5528	2
8	370.34714	2
9	456.84138	2
9	469.51726	2
9	458.70548	2
9	471.00854	2
9	432.9809	2
10	489.64954	2
10	460.56958	2
10	436.33628	2
10	476.22802	2
11	484.80288	2
1	189.52944	3
1	195.12174	3
1	208.17044	3
1	213.38992	3
1	206.30634	3
1	209.2889	3
1	191.39354	3
1	209.2889	3
1	207.4248	3
1	196.61302	3
1	208.54326	3
1	201.08686	3
1	192.88482	3
1	203.6966	3
1	189.90226	3
1	204.81506	3
1	209.66172	3
1	194.3761	3
1	220.4735	3
1	191.39354	3
1	190.6479	3
1	196.61302	3
1	194.00328	3
1	216.37248	3
1	215.25402	3
2	255.14576	3
2	243.21552	3
2	271.17702	3
2	225.32016	3
2	270.05856	3
2	241.35142	3
2	265.58472	3
2	233.5222	3
2	258.50114	3
2	257.00986	3
2	239.48732	3
2	271.54984	3
2	241.72424	3
2	252.90884	3
2	254.0273	3
2	249.92628	3
2	262.97498	3
2	236.87758	3
2	236.13194	3
2	260.36524	3
2	229.42118	3
2	227.9299	3
2	236.13194	3
2	246.19808	3
2	242.46988	3
2	262.60216	3
2	249.55346	3
2	243.58834	3
2	239.86014	3
2	225.69298	3
2	230.53964	3
2	226.81144	3
2	240.60578	3
2	216.7453	3
2	242.46988	3
2	236.87758	3
2	262.97498	3
2	251.41756	3
2	219.72786	3
2	235.75912	3
2	237.99604	3
2	240.23296	3
2	240.60578	3
2	260.73806	3
2	251.04474	3
2	248.06218	3
2	257.00986	3
2	275.27804	3
2	268.19446	3
2	242.09706	3
2	275.65086	3
3	275.65086	3
3	283.8529	3
3	275.65086	3
3	288.32674	3
3	249.55346	3
3	314.05132	3
3	284.22572	3
3	262.97498	3
3	262.97498	3
3	290.56366	3
3	271.54984	3
3	308.83184	3
3	279.75188	3
3	322.25336	3
3	304.358	3
3	301.74826	3
3	302.86672	3
3	302.86672	3
3	334.1836	3
3	294.66468	3
3	279.00624	3
3	273.41394	3
3	278.2606	3
3	298.02006	3
3	286.08982	3
3	285.34418	3
3	273.41394	3
3	324.49028	3
3	292.42776	3
3	314.79696	3
3	267.44882	3
3	328.96412	3
3	284.22572	3
3	276.02368	3
3	325.60874	3
3	287.20828	3
3	309.9503	3
3	294.29186	3
3	296.15596	3
3	313.6785	3
3	279.37906	3
3	279.37906	3
3	306.59492	3
3	270.8042	3
3	261.4837	3
3	319.64362	3
3	295.0375	3
3	285.717	3
3	302.4939	3
3	279.75188	3
3	266.33036	3
3	282.73444	3
3	272.6683	3
3	301.00262	3
3	286.83546	3
3	278.63342	3
3	270.8042	3
3	279.00624	3
3	297.64724	3
3	286.83546	3
3	277.14214	3
3	290.56366	3
3	317.4067	3
3	300.25698	3
3	283.8529	3
3	286.08982	3
3	346.11384	3
3	278.2606	3
3	311.44158	3
3	283.8529	3
3	281.9888	3
3	269.31292	3
3	274.90522	3
3	251.04474	3
3	290.93648	3
3	291.68212	3
3	281.9888	3
3	282.36162	3
3	274.5324	3
3	269.31292	3
3	279.37906	3
3	269.31292	3
3	306.96774	3
3	269.31292	3
3	255.14576	3
3	270.43138	3
3	276.76932	3
3	277.14214	3
3	287.20828	3
3	318.15234	3
3	274.5324	3
3	265.58472	3
3	284.22572	3
3	314.42414	3
3	261.85652	3
3	271.92266	3
3	300.25698	3
3	282.73444	3
3	287.95392	3
3	291.68212	3
3	282.73444	3
3	309.20466	3
3	252.90884	3
3	273.41394	3
3	286.83546	3
3	298.39288	3
3	314.79696	3
3	278.63342	3
3	308.45902	3
3	277.14214	3
3	287.95392	3
3	298.7657	3
3	290.19084	3
3	262.22934	3
3	284.97136	3
3	321.88054	3
3	302.86672	3
3	290.56366	3
3	275.65086	3
3	298.39288	3
3	274.15958	3
3	268.19446	3
3	265.95754	3
3	248.06218	3
3	262.60216	3
3	259.6196	3
3	263.3478	3
3	294.66468	3
3	273.04112	3
3	289.4452	3
3	273.41394	3
3	245.82526	3
3	254.77294	3
3	254.77294	3
3	268.56728	3
3	265.2119	3
3	287.5811	3
3	273.41394	3
3	268.19446	3
3	285.717	3
3	305.47646	3
3	335.67488	3
3	264.09344	3
3	317.77952	3
3	267.076	3
3	303.23954	3
3	304.358	3
3	299.51134	3
3	295.0375	3
3	268.19446	3
3	305.84928	3
3	270.43138	3
3	270.05856	3
3	274.90522	3
3	299.13852	3
3	286.46264	3
3	246.5709	3
3	296.15596	3
3	266.33036	3
3	289.4452	3
3	296.15596	3
3	268.9401	3
3	286.08982	3
3	244.33398	3
3	264.46626	3
3	301.74826	3
3	279.37906	3
3	258.50114	3
3	276.02368	3
3	299.51134	3
3	276.02368	3
3	306.59492	3
3	299.13852	3
3	312.18722	3
3	263.72062	3
3	238.36886	3
3	295.0375	3
3	267.44882	3
3	292.42776	3
3	257.7555	3
3	297.64724	3
3	262.60216	3
3	261.85652	3
3	277.88778	3
3	283.10726	3
3	286.83546	3
3	273.41394	3
4	315.5426	3
4	292.05494	3
4	324.49028	3
4	322.999	3
4	296.9016	3
4	350.58768	3
4	336.0477	3
4	294.29186	3
4	364.75484	3
4	349.84204	3
4	279.00624	3
4	317.4067	3
4	308.45902	3
4	314.42414	3
4	325.60874	3
4	333.06514	3
4	325.60874	3
4	330.08258	3
4	296.15596	3
4	308.83184	3
4	331.94668	3
4	312.93286	3
4	327.47284	3
4	324.8631	3
4	343.87692	3
4	333.06514	3
4	311.44158	3
4	329.33694	3
4	397.19018	3
4	303.98518	3
4	346.48666	3
4	317.4067	3
4	347.60512	3
4	293.91904	3
4	314.42414	3
4	273.04112	3
4	321.88054	3
4	310.69594	3
4	317.77952	3
4	301.37544	3
4	317.4067	3
4	300.6298	3
4	309.57748	3
4	297.27442	3
4	332.69232	3
4	301.37544	3
4	290.93648	3
4	306.2221	3
4	311.06876	3
4	314.05132	3
4	325.23592	3
4	358.04408	3
4	307.71338	3
4	288.32674	3
4	319.2708	3
4	346.11384	3
4	288.69956	3
4	295.78314	3
4	337.16616	3
4	314.79696	3
4	322.25336	3
4	321.88054	3
4	326.35438	3
4	347.60512	3
4	275.65086	3
4	317.03388	3
4	319.2708	3
4	332.69232	3
4	351.70614	3
4	317.4067	3
4	340.89436	3
4	299.88416	3
4	317.03388	3
4	335.30206	3
4	324.8631	3
4	295.0375	3
4	318.52516	3
4	366.61894	3
4	329.70976	3
4	316.28824	3
4	304.73082	3
4	343.13128	3
4	309.57748	3
4	292.05494	3
4	291.3093	3
4	300.25698	3
4	296.15596	3
4	283.8529	3
4	302.12108	3
4	321.1349	3
4	303.23954	3
4	318.89798	3
4	318.52516	3
4	307.71338	3
4	302.12108	3
4	277.88778	3
4	321.50772	3
4	327.47284	3
4	328.5913	3
4	341.26718	3
4	313.30568	3
4	320.76208	3
4	351.33332	3
4	361.39946	3
4	319.2708	3
4	341.26718	3
4	297.27442	3
4	335.30206	3
4	352.45178	3
4	314.79696	3
4	300.6298	3
4	314.79696	3
4	302.12108	3
4	299.13852	3
4	287.5811	3
4	312.18722	3
4	299.51134	3
4	349.46922	3
4	348.72358	3
4	322.62618	3
4	347.97794	3
4	301.37544	3
4	293.91904	3
4	325.23592	3
4	325.23592	3
4	331.20104	3
4	378.54918	3
4	316.66106	3
4	265.58472	3
4	335.30206	3
4	336.42052	3
4	292.80058	3
4	347.97794	3
4	329.70976	3
4	324.8631	3
4	344.62256	3
4	309.20466	3
4	334.92924	3
4	294.29186	3
4	288.32674	3
4	303.23954	3
4	336.42052	3
4	322.25336	3
4	280.1247	3
4	324.8631	3
4	286.08982	3
4	321.50772	3
4	329.70976	3
4	309.57748	3
4	314.79696	3
4	272.6683	3
4	294.66468	3
4	337.53898	3
4	297.64724	3
4	284.97136	3
4	302.4939	3
4	332.69232	3
4	303.98518	3
4	341.64	3
4	334.1836	3
4	358.4169	3
4	290.56366	3
4	271.17702	3
4	335.67488	3
4	305.10364	3
4	340.52154	3
4	292.05494	3
4	329.70976	3
4	298.02006	3
4	293.54622	3
4	316.28824	3
4	312.56004	3
4	316.28824	3
4	312.56004	3
4	283.8529	3
4	323.37182	3
4	299.88416	3
4	294.29186	3
4	322.62618	3
4	354.6887	3
4	324.11746	3
5	318.89798	3
5	361.02664	3
5	331.20104	3
5	382.6502	3
5	423.28758	3
5	338.28462	3
5	352.45178	3
5	360.65382	3
5	339.03026	3
5	334.92924	3
5	328.96412	3
5	366.61894	3
5	331.20104	3
5	387.12404	3
5	387.86968	3
5	366.24612	3
5	361.77228	3
5	342.38564	3
5	328.5913	3
5	340.52154	3
5	353.94306	3
5	349.46922	3
5	398.68146	3
5	335.30206	3
5	305.10364	3
5	355.06152	3
5	358.04408	3
5	320.38926	3
5	406.51068	3
5	361.77228	3
5	376.31226	3
5	364.75484	3
5	350.21486	3
5	377.0579	3
5	342.01282	3
5	328.21848	3
5	321.50772	3
5	376.31226	3
5	361.39946	3
5	319.2708	3
5	368.85586	3
5	320.01644	3
5	367.7374	3
5	361.77228	3
5	348.72358	3
5	352.8246	3
5	291.68212	3
5	331.57386	3
5	370.71996	3
5	322.62618	3
5	325.60874	3
5	346.48666	3
5	370.34714	3
5	319.2708	3
5	383.76866	3
5	359.90818	3
5	393.46198	3
5	323.37182	3
5	300.6298	3
5	389.36096	3
5	355.06152	3
5	414.71272	3
5	318.52516	3
5	395.6989	3
5	325.98156	3
5	344.99538	3
5	352.8246	3
5	347.60512	3
5	363.26356	3
5	346.48666	3
5	371.83842	3
5	333.81078	3
5	320.38926	3
5	320.38926	3
5	361.77228	3
5	322.999	3
5	329.33694	3
5	363.63638	3
5	377.80354	3
5	365.12766	3
5	376.31226	3
5	411.73016	3
6	377.43072	3
6	390.47942	3
6	359.53536	3
6	343.13128	3
6	389.73378	3
6	344.62256	3
6	349.46922	3
6	350.58768	3
6	377.80354	3
6	343.5041	3
6	381.53174	3
6	418.0681	3
6	402.40966	3
6	403.90094	3
6	376.31226	3
6	400.54556	3
6	391.22506	3
6	441.92858	3
6	416.94964	3
6	463.92496	3
6	440.81012	3
6	413.96708	3
6	393.08916	3
6	429.2527	3
6	435.96346	3
6	378.17636	3
7	358.78972	3
7	391.22506	3
7	405.0194	3
7	416.204	3
7	404.27376	3
7	463.17932	3
7	430.37116	3
7	476.97366	3
7	447.8937	3
7	426.27014	3
7	408.7476	3
7	441.18294	3
7	386.3784	3
7	422.16912	3
7	451.6219	3
7	394.58044	3
7	404.27376	3
8	393.8348	3
8	451.6219	3
8	405.76504	3
8	449.01216	3
8	430.74398	3
8	407.25632	3
8	449.01216	3
8	400.17274	3
8	416.204	3
8	402.78248	3
8	432.23526	3
8	463.17932	3
8	403.1553	3
8	408.37478	3
8	424.77886	3
8	437.08192	3
8	401.66402	3
8	414.71272	3
8	418.44092	3
8	459.82394	3
8	427.01578	3
8	468.02598	3
8	452.74036	3
8	421.42348	3
9	421.7963	3
9	408.7476	3
9	421.05066	3
9	453.11318	3
9	419.55938	3
9	430.74398	3
9	402.03684	3
9	409.49324	3
9	453.486	3
9	420.30502	3
9	383.39584	3
9	410.23888	3
9	441.55576	3
9	482.19314	3
9	410.23888	3
9	392.71634	3
9	420.67784	3
9	432.60808	3
9	447.8937	3
9	410.23888	3
9	424.77886	3
9	435.21782	3
9	446.40242	3
9	393.8348	3
9	409.49324	3
9	416.94964	3
9	422.91476	3
9	404.64658	3
9	413.96708	3
9	388.61532	3
9	485.1757	3
9	453.11318	3
9	429.62552	3
9	430.74398	3
9	435.96346	3
9	469.51726	3
9	469.14444	3
9	438.5732	3
9	481.4475	3
9	466.16188	3
9	431.86244	3
9	423.6604	3
9	440.81012	3
9	469.89008	3
9	479.5834	3
9	416.57682	3
9	440.06448	3
9	423.6604	3
9	415.83118	3
9	371.83842	3
9	381.53174	3
10	457.58702	3
10	401.66402	3
10	417.69528	3
10	422.91476	3
10	429.62552	3
10	416.204	3
10	430.37116	3
10	397.93582	3
10	493.00492	3
10	463.17932	3
10	442.67422	3
10	444.1655	3
10	444.1655	3
10	480.32904	3
10	476.97366	3
10	450.87626	3
10	494.4962	3
10	478.09212	3
10	443.04704	3
10	441.92858	3
10	437.08192	3
10	451.99472	3
10	485.1757	3
10	491.14082	3
10	427.76142	3
10	447.8937	3
10	431.48962	3
10	427.3886	3
10	383.39584	3
10	390.1066	3
11	451.24908	3
11	446.0296	3
11	463.55214	3
11	494.4962	3
11	502.69824	3
11	438.94602	3
11	458.70548	3
11	444.53832	3
11	435.96346	3
11	390.1066	3
11	397.19018	3
