"Date" "CSpd" "RSpd" "RDir" "Bin"
"2002/1/1/0" 6.9 5.9666 309.58 13
"2002/1/1/6" 7.1 7.2176 312.76 13
"2002/1/1/12" 7.8 7.9405 328.92 14
"2002/1/1/18" 6.9 6.0174 338.56 15
"2002/1/2/0" 5.5 6.1646 346.89 15
"2002/1/2/6" 3.1 1.7687 312.80 13
"2002/1/2/12" 6.8 4.6471 205.47 9
"2002/1/2/18" 11.4 10.8734 204.43 9
"2002/1/3/0" 12.9 11.7198 176.56 7
"2002/1/3/6" 13.5 13.0118 206.96 9
"2002/1/3/12" 9.6 6.3998 218.67 9
"2002/1/3/18" 8.0 8.2706 255.30 11
"2002/1/4/0" 8.3 8.3522 281.08 12
"2002/1/4/6" 8.8 7.9027 288.46 12
"2002/1/4/12" 6.1 6.7136 294.69 13
"2002/1/4/18" 8.4 9.6341 318.39 14
"2002/1/5/0" 8.5 8.7918 303.88 13
"2002/1/5/6" 9.6 10.2506 290.56 12
"2002/1/5/12" 10.4 10.8894 315.02 14
"2002/1/5/18" 10.0 7.6393 276.04 12
"2002/1/6/0" 10.6 8.2217 311.09 13
"2002/1/6/6" 8.9 7.4820 307.97 13
"2002/1/6/12" 9.4 9.2628 335.11 14
"2002/1/6/18" 8.8 4.8476 338.24 15
"2002/1/7/0" 6.1 4.4194 217.64 9
"2002/1/7/6" 13.5 11.3922 227.49 10
"2002/1/7/12" 11.5 10.6574 249.70 11
"2002/1/7/18" 9.9 9.2053 261.26 11
"2002/1/8/0" 10.5 11.2537 275.61 12
"2002/1/8/6" 11.7 13.2537 286.67 12
"2002/1/8/12" 11.2 8.6108 282.76 12
"2002/1/8/18" 13.5 13.8014 269.17 11
"2002/1/9/0" 13.0 10.8876 277.40 12
"2002/1/9/6" 13.7 16.5845 290.85 12
"2002/1/9/12" 11.9 9.5704 296.03 13
"2002/1/9/18" 8.9 11.3460 292.28 12
"2002/1/10/0" 7.8 10.9086 301.51 13
"2002/1/10/6" 10.5 11.7165 295.27 13
"2002/1/10/12" 12.0 11.4775 311.48 13
"2002/1/10/18" 9.4 8.4952 296.59 13
"2002/1/11/0" 7.5 5.7006 268.00 11
"2002/1/11/6" 9.0 10.6961 270.01 12
"2002/1/11/12" 7.6 6.0895 299.52 13
"2002/1/11/18" 10.9 12.5194 288.16 12
"2002/1/12/0" 16.4 16.9452 329.50 14
"2002/1/12/6" 15.9 14.7786 315.83 14
"2002/1/12/12" 11.3 11.6801 317.45 14
"2002/1/12/18" 6.8 3.4453 253.20 11
"2002/1/13/0" 8.7 10.0276 184.57 8
"2002/1/13/6" 4.7 6.2754 239.37 10
"2002/1/13/12" 4.2 8.2301 297.51 13
"2002/1/13/18" 5.3 10.6847 313.12 13
"2002/1/14/0" 9.7 15.6620 339.83 15
"2002/1/14/6" 9.9 14.9993 323.14 14
"2002/1/14/12" 12.0 15.7002 314.49 13
"2002/1/14/18" 13.9 14.3144 298.36 13
"2002/1/15/0" 15.2 13.2610 307.65 13
"2002/1/15/6" 13.2 13.4437 316.82 14
"2002/1/15/12" 8.2 7.8656 318.63 14
"2002/1/15/18" 4.3 2.2458 249.16 11
"2002/1/16/0" 0.9 1.7095 290.62 12
"2002/1/16/6" 5.5 7.2095 266.85 11
"2002/1/16/12" 8.7 8.5995 270.02 12
"2002/1/16/18" 9.5 10.1866 283.63 12
"2002/1/17/0" 8.7 8.4313 303.91 13
"2002/1/17/6" 6.6 6.6694 310.16 13
"2002/1/17/18" 7.5 4.7395 314.18 13
"2002/1/18/0" 9.5 7.8583 328.56 14
"2002/1/18/6" 5.4 4.9624 297.62 13
"2002/1/18/12" 6.1 2.1926 223.14 9
"2002/1/18/18" 8.7 9.2010 197.06 8
"2002/1/19/0" 7.3 5.5414 219.17 9
"2002/1/19/6" 10.3 9.6968 255.69 11
"2002/1/19/12" 13.2 11.3499 252.04 11
"2002/1/19/18" 13.8 12.0974 270.49 12
"2002/1/20/0" 5.2 2.2668 311.56 13
"2002/1/20/6" 9.7 4.9634 205.02 9
"2002/1/20/12" 7.2 7.7435 258.84 11
"2002/1/20/18" 8.0 6.9884 289.22 12
"2002/1/21/0" 5.3 5.3076 273.29 12
"2002/1/21/6" 9.0 7.5679 254.69 11
"2002/1/21/12" 11.0 10.1576 233.80 10
"2002/1/21/18" 11.0 13.7039 262.89 11
"2002/1/22/0" 7.0 10.2847 248.94 11
"2002/1/22/6" 11.9 7.6300 201.52 8
"2002/1/22/12" 9.7 10.9825 213.11 9
"2002/1/22/18" 7.8 8.7266 288.05 12
"2002/1/23/0" 6.9 12.7467 340.30 15
"2002/1/23/6" 6.6 8.0597 322.59 14
"2002/1/23/12" 7.7 5.8810 301.83 13
"2002/1/23/18" 3.4 2.1562 338.26 15
"2002/1/24/0" 6.1 4.2010 205.32 9
"2002/1/24/6" 9.2 10.8945 227.25 10
"2002/1/24/12" 12.6 14.3881 263.62 11
"2002/1/24/18" 16.1 14.2931 287.94 12
"2002/1/25/0" 11.9 8.1352 264.36 11
"2002/1/25/6" 15.7 15.8288 243.76 10
"2002/1/25/12" 13.1 14.8900 283.21 12
"2002/1/25/18" 10.2 9.9170 255.42 11
"2002/1/26/0" 4.3 3.5504 260.31 11
"2002/1/26/6" 7.5 3.9581 227.02 10
"2002/1/26/12" 4.8 12.4998 270.01 12
"2002/1/26/18" 4.4 3.0049 285.51 12
"2002/1/27/0" 8.2 2.2797 142.01 6
"2002/1/27/6" 7.0 4.4027 358.72 15
"2002/1/27/12" 6.3 3.2324 21.82 0
"2002/1/27/18" 8.5 8.8961 351.61 15
"2002/1/28/0" 10.3 10.1121 351.47 15
"2002/1/28/6" 7.4 6.0038 330.06 14
"2002/1/28/12" 9.4 8.9022 359.37 15
"2002/1/28/18" 6.6 5.7098 3.06 0
"2002/1/29/0" 10.0 9.1971 22.40 0
"2002/1/29/6" 5.7 4.7037 0.03 0
"2002/1/29/12" 5.8 5.1210 12.41 0
"2002/1/29/18" 2.1 5.3808 305.20 13
"2002/1/30/0" 4.2 3.2446 303.72 13
"2002/1/30/6" 6.1 8.0270 283.71 12
"2002/1/30/12" 4.6 5.4111 258.31 11
"2002/1/31/0" 6.7 1.5631 206.53 9
"2002/1/31/6" 7.6 6.4006 181.78 8
"2002/1/31/12" 2.2 5.4079 183.18 8
"2002/1/31/18" 4.6 3.1232 140.11 6
"2002/2/1/0" 3.3 1.7456 203.57 9
"2002/2/1/6" 5.8 3.5089 250.05 11
"2002/2/1/12" 3.7 5.5103 274.17 12
"2002/2/1/18" 6.8 4.7686 213.01 9
"2002/2/2/0" 8.4 4.6667 223.25 9
"2002/2/2/6" 10.4 9.5266 241.83 10
"2002/2/2/12" 9.2 7.2174 300.85 13
"2002/2/2/18" 11.9 11.9274 304.76 13
"2002/2/3/0" 9.7 6.7603 299.25 13
"2002/2/3/12" 10.7 11.6778 326.19 14
"2002/2/3/18" 6.9 2.3004 0.06 0
"2002/2/4/0" 3.9 3.0057 30.02 1
"2002/2/4/6" 5.5 6.1977 162.13 7
"2002/2/4/12" 9.6 9.0248 184.44 8
"2002/2/4/18" 9.8 6.9864 236.09 10
"2002/2/5/0" 4.7 5.5852 259.73 11
"2002/2/5/6" 9.2 7.9898 325.74 14
"2002/2/5/12" 4.6 7.9119 339.28 15
"2002/2/5/18" 8.5 3.8551 216.55 9
"2002/2/6/0" 10.0 10.3185 218.32 9
"2002/2/6/6" 12.5 12.5113 225.33 10
"2002/2/6/12" 9.1 9.9446 260.18 11
"2002/2/6/18" 15.3 12.6725 312.14 13
"2002/2/7/0" 12.2 10.2079 311.05 13
"2002/2/7/6" 6.8 8.6812 237.23 10
"2002/2/7/12" 11.0 11.1349 207.24 9
"2002/2/7/18" 10.7 12.5574 275.49 12
"2002/2/8/0" 8.9 6.8682 312.08 13
"2002/2/8/6" 6.4 3.7324 285.54 12
"2002/2/8/12" 6.7 2.2350 190.21 8
"2002/2/8/18" 17.2 8.0831 139.00 6
"2002/2/9/0" 15.1 11.1398 106.14 4
"2002/2/9/6" 14.5 10.1403 22.02 0
"2002/2/9/12" 21.2 17.7109 8.78 0
"2002/2/9/18" 22.4 21.6015 359.47 15
"2002/2/10/0" 19.4 16.5527 343.87 15
"2002/2/10/6" 12.6 9.2818 329.58 14
"2002/2/10/12" 8.6 9.0641 337.98 15
"2002/2/10/18" 5.4 4.3804 242.86 10
"2002/2/11/0" 9.3 8.7842 221.30 9
"2002/2/11/6" 13.2 13.4403 226.81 10
"2002/2/11/18" 20.1 18.1817 288.95 12
"2002/2/12/0" 22.3 15.5315 304.52 13
"2002/2/12/6" 20.0 16.1955 290.23 12
"2002/2/12/12" 18.1 17.5315 304.78 13
"2002/2/12/18" 7.8 10.0389 303.22 13
"2002/2/13/0" 3.9 8.5596 322.61 14
"2002/2/13/6" 9.8 10.6490 257.55 11
"2002/2/13/12" 12.6 9.8498 275.83 12
"2002/2/13/18" 11.8 10.1047 242.93 10
"2002/2/14/0" 11.2 9.9602 218.47 9
"2002/2/14/6" 11.8 12.1440 235.40 10
"2002/2/14/12" 10.0 11.3239 305.67 13
"2002/2/14/18" 14.7 16.6676 303.52 13
"2002/2/15/0" 15.0 13.4807 326.22 14
"2002/2/15/6" 9.8 10.6674 308.94 13
"2002/2/15/12" 12.0 10.5015 289.49 12
"2002/2/15/18" 13.5 11.6881 280.37 12
"2002/2/16/0" 14.6 13.7721 301.05 13
"2002/2/16/6" 12.4 12.5701 294.96 13
"2002/2/16/12" 9.4 7.8288 331.82 14
"2002/2/16/18" 7.2 3.0985 268.18 11
"2002/2/17/0" 3.4 3.2293 343.83 15
"2002/2/17/6" 5.9 8.1001 151.20 6
"2002/2/17/12" 11.3 12.7218 183.60 8
"2002/2/17/18" 13.8 11.0868 187.25 8
"2002/2/18/0" 11.0 11.6472 195.93 8
"2002/2/18/6" 6.5 6.0283 229.71 10
"2002/2/18/12" 6.2 3.2037 358.24 15
"2002/2/18/18" 8.6 6.3188 23.32 1
"2002/2/19/0" 8.3 11.5869 26.12 1
"2002/2/19/6" 7.8 7.6046 26.59 1
"2002/2/19/12" 6.8 7.4170 3.88 0
"2002/2/19/18" 7.5 3.9026 0.03 0
"2002/2/20/0" 7.1 7.0414 348.54 15
"2002/2/20/6" 5.0 4.4027 358.72 15
"2002/2/20/12" 6.3 5.2369 353.45 15
"2002/2/20/18" 6.4 4.1456 340.28 15
"2002/2/21/0" 6.3 6.9726 351.79 15
"2002/2/21/6" 4.3 5.0447 346.27 15
"2002/2/21/12" 4.9 7.3415 322.22 14
"2002/2/21/18" 9.3 8.2720 333.46 14
"2002/2/22/0" 4.1 3.3045 1.79 0
"2002/2/22/6" 6.5 10.0036 182.27 8
"2002/2/22/12" 11.3 12.9446 184.86 8
"2002/2/22/18" 12.8 9.0404 209.10 9
"2002/2/23/0" 9.7 7.3958 256.74 11
"2002/2/23/6" 7.8 9.9016 268.85 11
"2002/2/23/12" 10.3 11.7899 304.66 13
"2002/2/23/18" 7.9 5.8707 346.22 15
"2002/2/24/0" 8.8 10.5731 20.49 0
"2002/2/24/6" 10.6 12.2139 27.83 1
"2002/2/24/12" 10.6 15.9011 0.01 0
"2002/2/24/18" 10.2 11.8645 354.21 15
"2002/2/25/0" 11.4 9.8086 343.42 15
"2002/2/25/6" 11.4 10.2214 329.43 14
"2002/2/25/12" 12.0 12.8606 323.23 14
"2002/2/25/18" 15.6 12.4201 310.13 13
"2002/2/26/0" 15.1 14.6431 316.95 14
"2002/2/26/6" 12.5 13.8605 313.85 13
"2002/2/26/12" 15.0 15.1161 333.28 14
"2002/2/26/18" 14.8 7.9261 317.06 14
"2002/2/27/0" 9.8 7.2136 326.34 14
"2002/2/27/6" 5.1 4.3071 274.05 12
"2002/2/27/12" 4.3 4.5504 250.76 11
"2002/2/27/18" 9.3 9.1562 259.32 11
"2002/2/28/0" 11.9 11.6047 308.37 13
"2002/2/28/6" 7.5 7.7184 301.24 13
"2002/2/28/12" 4.7 3.4469 330.52 14
"2002/2/28/18" 6.7 6.1572 82.50 3
"2002/3/1/0" 9.7 8.9751 14.22 0
"2002/3/1/6" 4.3 6.7308 11.16 0
"2002/3/1/12" 3.4 5.8159 356.10 15
"2002/3/1/18" 4.2 2.7227 306.11 13
"2002/3/2/0" 6.9 4.1375 327.88 14
"2002/3/2/6" 6.0 5.0614 322.28 14
"2002/3/2/12" 7.9 8.2742 352.39 15
"2002/3/2/18" 10.3 5.8153 333.47 14
"2002/3/3/0" 11.4 7.5451 321.48 14
"2002/3/3/6" 6.4 9.0270 350.44 15
"2002/3/3/12" 8.2 10.5367 340.05 15
"2002/3/3/18" 8.5 4.2014 308.27 13
"2002/3/4/0" 9.1 3.5762 234.06 10
"2002/3/4/6" 12.9 10.3914 239.98 10
"2002/3/4/12" 14.7 17.9625 307.77 13
"2002/3/4/18" 9.9 10.6834 308.18 13
"2002/3/5/0" 5.0 2.6658 325.78 14
"2002/3/5/6" 6.1 3.8295 164.86 7
"2002/3/5/12" 4.1 1.5343 78.56 3
"2002/3/5/18" 9.0 4.5372 75.96 3
"2002/3/6/0" 10.6 8.6619 75.95 3
"2002/3/6/6" 11.7 8.4553 50.27 2
"2002/3/6/12" 8.7 12.6123 26.37 1
"2002/3/6/18" 4.8 3.3165 354.81 15
"2002/3/7/0" 4.0 4.2586 9.50 0
"2002/3/7/6" 6.7 7.8101 108.65 4
"2002/3/7/12" 11.2 8.9041 114.53 5
"2002/3/7/18" 12.5 10.2809 109.31 4
"2002/3/8/0" 10.5 7.1862 51.21 2
"2002/3/8/12" 7.2 6.5793 28.13 1
"2002/3/8/18" 6.1 6.6230 345.16 15
"2002/3/9/0" 11.3 13.4041 324.42 14
"2002/3/9/6" 14.9 14.6875 319.72 14
"2002/3/9/12" 20.6 14.9572 319.07 14
"2002/3/9/18" 17.1 6.3315 281.87 12
"2002/3/10/0" 15.4 7.7077 315.53 14
"2002/3/10/6" 10.4 3.5130 274.97 12
"2002/3/10/12" 5.3 3.8932 138.05 6
"2002/3/10/18" 8.9 11.9407 126.47 5
"2002/3/11/0" 11.4 8.7215 130.79 5
"2002/3/11/6" 4.5 2.4145 245.65 10
"2002/3/11/12" 5.8 8.4378 306.35 13
"2002/3/11/18" 7.9 3.1755 241.83 10
"2002/3/12/0" 7.9 6.7378 215.35 9
"2002/3/12/6" 13.5 11.9731 221.28 9
"2002/3/12/12" 12.6 8.9035 241.15 10
"2002/3/12/18" 10.0 10.9838 256.86 11
"2002/3/13/0" 10.5 11.4011 307.89 13
"2002/3/13/6" 11.1 9.9364 331.11 14
"2002/3/13/12" 8.0 7.2552 330.29 14
"2002/3/13/18" 3.8 2.1235 315.09 14
"2002/3/14/0" 2.6 2.9782 47.74 2
"2002/3/14/6" 6.0 6.3355 68.71 3
"2002/3/14/12" 9.0 5.7332 45.71 2
"2002/3/14/18" 13.1 12.0554 40.97 1
"2002/3/15/0" 13.0 13.0038 0.45 0
"2002/3/15/6" 7.9 8.6411 354.70 15
"2002/3/15/12" 5.5 4.6030 0.03 0
"2002/3/15/18" 6.3 5.3369 218.17 9
"2002/3/16/0" 6.6 4.4758 209.44 9
"2002/3/16/6" 7.9 7.3495 213.90 9
"2002/3/16/12" 8.6 7.6643 210.57 9
"2002/3/16/18" 9.4 10.8229 148.21 6
"2002/3/17/0" 12.3 10.3380 170.53 7
"2002/3/17/6" 12.3 10.4392 143.56 6
"2002/3/17/12" 7.9 6.2593 167.05 7
"2002/3/17/18" 6.2 2.5540 210.54 9
"2002/3/18/0" 2.8 4.4399 324.19 14
"2002/3/18/6" 2.4 1.9626 284.80 12
"2002/3/18/12" 5.1 4.0699 332.21 14
"2002/3/18/18" 3.1 2.1088 328.67 14
"2002/3/19/0" 3.1 4.3395 334.07 14
"2002/3/19/6" 3.3 3.7012 0.04 0
"2002/3/19/12" 2.7 2.3636 53.59 2
"2002/3/19/18" 4.2 2.7223 107.06 4
"2002/3/20/0" 4.6 5.4434 110.40 4
"2002/3/20/6" 6.0 7.1442 133.26 5
"2002/3/20/12" 7.9 3.8915 136.00 6
"2002/3/20/18" 12.0 6.1080 1.91 0
"2002/3/21/0" 12.5 13.3852 353.57 15
"2002/3/21/6" 12.3 6.6049 324.91 14
"2002/3/21/12" 13.9 14.3606 316.42 14
"2002/3/21/18" 15.8 11.1367 286.17 12
"2002/3/22/0" 13.7 8.6945 289.48 12
"2002/3/22/6" 10.4 9.3261 265.71 11
"2002/3/22/12" 10.0 8.4906 282.25 12
"2002/3/22/18" 9.6 5.2999 271.11 12
"2002/3/23/0" 7.7 4.2186 256.35 11
"2002/3/23/6" 6.2 6.7965 269.17 11
"2002/3/23/12" 7.2 6.4285 344.70 15
"2002/3/23/18" 4.8 4.1163 64.05 2
"2002/3/24/0" 8.3 5.6095 74.45 3
"2002/3/24/6" 7.9 7.3180 68.32 3
"2002/3/24/12" 11.3 10.6870 38.16 1
"2002/3/24/18" 11.1 7.4856 52.05 2
"2002/3/25/0" 10.2 6.9668 35.07 1
"2002/3/25/6" 8.2 6.4012 65.02 2
"2002/3/25/12" 4.8 4.2586 80.50 3
"2002/3/25/18" 5.7 3.1327 106.69 4
"2002/3/26/0" 9.2 5.5442 140.80 6
"2002/3/26/6" 6.1 7.8072 161.31 7
"2002/3/26/12" 6.5 8.9240 170.30 7
"2002/3/26/18" 9.9 3.7067 194.04 8
"2002/3/27/0" 7.7 5.8195 175.06 7
"2002/3/27/6" 8.8 8.5569 186.68 8
"2002/3/27/12" 11.7 9.5321 195.19 8
"2002/3/27/18" 13.5 7.9748 187.90 8
"2002/3/28/0" 10.7 5.6026 230.07 10
"2002/3/28/6" 16.5 17.0495 287.06 12
"2002/3/28/12" 15.0 9.3739 281.08 12
"2002/3/28/18" 15.8 11.4790 250.15 11
"2002/3/29/0" 11.6 10.8013 278.00 12
"2002/3/29/6" 10.7 11.9966 269.53 11
"2002/3/29/12" 11.4 13.5216 299.23 13
"2002/3/29/18" 12.7 10.0221 282.12 12
"2002/3/30/0" 15.6 14.8502 301.24 13
"2002/3/30/6" 11.9 10.6045 291.01 12
"2002/3/30/12" 14.1 9.6151 279.00 12
"2002/3/30/18" 14.9 8.7926 278.52 12
"2002/3/31/0" 12.1 11.3635 295.01 13
"2002/3/31/6" 13.0 12.3052 298.67 13
"2002/3/31/12" 12.6 11.9800 303.45 13
"2002/3/31/18" 9.8 3.8179 264.05 11
"2002/4/1/0" 5.8 1.1673 290.07 12
"2002/4/1/6" 9.1 11.2501 149.55 6
"2002/4/1/12" 13.8 10.3389 142.45 6
"2002/4/1/18" 5.8 1.1423 322.33 14
"2002/4/2/0" 8.2 7.9334 337.02 14
"2002/4/2/6" 11.7 14.5835 312.24 13
"2002/4/2/12" 12.9 15.3403 327.26 14
"2002/4/2/18" 11.4 13.0218 312.52 13
"2002/4/3/0" 14.8 13.8130 325.63 14
"2002/4/3/6" 10.0 8.4890 316.92 14
"2002/4/3/12" 8.7 6.7200 313.23 13
"2002/4/3/18" 4.8 2.4674 291.50 12
"2002/4/4/0" 2.8 1.5855 55.23 2
"2002/4/4/6" 4.4 6.4527 163.79 7
"2002/4/4/12" 6.4 6.1961 179.98 7
"2002/4/4/18" 3.9 5.8672 188.82 8
"2002/4/5/0" 2.2 2.5037 357.75 15
"2002/4/5/6" 2.7 5.8535 73.11 3
"2002/4/5/12" 5.3 4.0872 30.97 1
"2002/4/5/18" 3.8 6.1646 103.11 4
"2002/4/6/0" 7.3 4.5561 98.81 4
"2002/4/6/6" 12.5 13.3132 138.04 6
"2002/4/6/12" 21.1 18.9234 157.63 7
"2002/4/6/18" 19.4 16.3987 173.69 7
"2002/4/7/0" 14.0 7.1154 199.68 8
"2002/4/7/6" 6.0 7.1413 315.60 14
"2002/4/7/12" 8.1 8.9113 350.97 15
"2002/4/7/18" 3.9 5.1124 23.06 1
"2002/4/8/0" 5.8 1.6168 60.20 2
"2002/4/8/6" 3.8 7.0765 33.47 1
"2002/4/8/12" 5.6 6.3796 351.02 15
"2002/4/8/18" 7.7 7.2203 356.06 15
"2002/4/9/0" 3.2 4.3176 13.40 0
"2002/4/9/6" 3.9 3.2283 119.71 5
"2002/4/9/12" 6.4 7.6983 180.73 8
"2002/4/9/18" 13.8 8.3522 168.92 7
"2002/4/10/0" 8.2 6.1527 172.50 7
"2002/4/10/6" 11.1 4.5888 110.41 4
"2002/4/10/12" 16.6 8.9890 73.17 3
"2002/4/10/18" 13.4 5.8757 47.05 2
"2002/4/11/0" 8.3 4.7187 21.13 0
"2002/4/11/6" 4.3 4.2763 10.83 0
"2002/4/11/12" 4.0 8.8396 338.09 15
"2002/4/11/18" 5.6 5.2417 311.96 13
"2002/4/12/0" 1.3 2.6395 299.57 13
"2002/4/12/6" 6.0 5.7585 231.36 10
"2002/4/12/12" 6.3 7.5666 236.32 10
"2002/4/12/18" 10.7 3.8191 227.14 10
"2002/4/13/0" 8.9 4.8763 164.51 7
"2002/4/13/6" 12.1 7.5173 193.83 8
"2002/4/13/12" 7.2 6.1070 201.11 8
"2002/4/13/18" 6.5 5.0905 226.57 10
"2002/4/14/0" 11.2 5.4341 237.80 10
"2002/4/14/6" 12.3 10.0738 229.83 10
"2002/4/14/12" 12.3 13.3126 304.29 13
"2002/4/14/18" 9.6 4.2005 272.78 12
"2002/4/15/0" 11.0 8.4569 186.76 8
"2002/4/15/6" 13.9 5.9403 216.10 9
"2002/4/15/12" 12.7 13.0083 320.94 14
"2002/4/15/18" 10.3 8.7696 7.21 0
"2002/4/16/0" 8.3 8.7245 49.19 2
"2002/4/16/6" 9.2 9.8408 115.24 5
"2002/4/17/0" 17.7 15.4034 299.57 13
"2002/4/17/6" 13.8 12.7109 272.71 12
"2002/4/17/12" 10.5 7.7081 272.98 12
"2002/4/17/18" 9.0 6.1977 162.13 7
"2002/4/18/0" 12.7 9.7014 127.45 5
"2002/4/18/6" 18.8 14.3962 101.60 4
"2002/4/18/12" 12.8 7.8501 45.52 2
"2002/4/18/18" 14.0 9.2721 336.50 14
"2002/4/19/0" 12.9 12.7943 338.45 15
"2002/4/19/6" 10.2 8.9648 324.56 14
"2002/4/19/12" 6.3 7.5805 351.68 15
"2002/4/19/18" 5.8 2.9840 13.62 0
"2002/4/20/0" 8.2 6.2180 27.80 1
"2002/4/20/6" 1.8 3.9079 87.01 3
"2002/4/20/12" 1.0 4.3195 84.68 3
"2002/4/20/18" 8.6 5.9164 93.84 4
"2002/4/21/0" 10.4 6.5306 84.71 3
"2002/4/21/6" 6.1 6.6035 89.98 3
"2002/4/21/12" 3.8 5.5578 66.63 2
"2002/4/21/18" 6.2 2.3025 92.45 4
"2002/4/22/0" 4.0 1.7547 58.98 2
"2002/4/22/6" 4.3 4.5995 181.23 8
"2002/4/22/12" 8.3 4.3068 183.99 8
"2002/4/22/18" 10.7 6.9602 167.52 7
"2002/4/23/0" 9.0 8.0001 132.45 5
"2002/4/23/6" 11.2 9.1389 190.08 8
"2002/4/23/12" 8.2 5.8994 180.96 8
"2002/4/23/18" 9.1 3.0466 138.90 6
"2002/4/24/0" 10.9 2.9378 260.27 11
"2002/4/24/6" 17.4 16.3342 315.26 14
"2002/4/24/12" 17.1 15.9138 313.74 13
"2002/4/24/18" 18.3 10.6590 290.32 12
"2002/4/25/0" 20.8 17.9742 303.44 13
"2002/4/25/6" 15.6 10.5689 290.50 12
"2002/4/25/12" 14.2 14.8919 295.89 13
"2002/4/25/18" 13.3 8.6547 303.72 13
"2002/4/26/0" 7.0 5.4794 338.61 15
"2002/4/26/6" 2.5 6.3575 77.25 3
"2002/4/26/12" 4.8 3.5171 94.89 4
"2002/4/26/18" 11.9 8.1627 101.30 4
"2002/4/27/0" 13.6 11.3387 120.16 5
"2002/4/27/6" 14.8 9.9327 106.95 4
"2002/4/27/12" 13.4 7.6059 114.86 5
"2002/4/27/18" 13.7 12.5783 50.48 2
"2002/4/28/0" 13.5 10.9261 23.76 1
"2002/4/28/6" 6.2 6.4961 9.76 0
"2002/4/28/12" 2.5 1.3375 76.84 3
"2002/4/28/18" 8.0 5.6989 217.89 9
"2002/4/29/0" 9.9 7.5653 224.46 9
"2002/4/29/6" 13.1 10.3226 278.94 12
"2002/4/29/12" 12.9 11.0145 266.89 11
"2002/4/29/18" 10.7 8.4445 286.52 12
"2002/4/30/0" 8.1 7.7634 338.10 15
"2002/4/30/6" 3.9 3.3639 67.22 2
"2002/4/30/12" 7.5 9.3982 271.24 12
"2002/4/30/18" 8.3 8.3371 349.64 15
"2002/6/1/0" 8.2 4.5094 282.82 12
"2002/6/1/6" 6.7 4.6036 304.42 13
"2002/6/1/12" 7.9 7.8609 14.76 0
"2002/6/1/18" 5.4 5.5694 17.78 0
"2002/6/2/0" 5.4 5.2914 74.62 3
"2002/6/2/6" 11.3 10.6653 66.81 2
"2002/6/2/12" 14.5 14.0477 79.32 3
"2002/6/2/18" 13.0 10.6827 67.99 3
"2002/6/3/0" 14.9 13.4506 67.24 2
"2002/6/3/6" 11.4 9.6887 44.58 1
"2002/6/3/12" 5.7 6.2816 59.35 2
"2002/6/3/18" 4.9 3.5844 329.91 14
"2002/6/4/0" 3.6 5.4635 8.46 0
"2002/6/4/6" 3.6 1.7269 350.00 15
"2002/6/4/12" 4.5 4.6207 291.60 12
"2002/6/4/18" 12.3 3.3819 289.00 12
"2002/6/5/0" 8.2 8.0824 323.57 14
"2002/6/5/6" 5.3 3.9568 343.91 15
"2002/6/5/12" 1.4 2.3437 320.23 14
"2002/6/5/18" 7.1 2.7004 182.09 8
"2002/6/6/0" 7.4 2.3231 205.38 9
"2002/6/6/6" 12.7 9.1423 166.70 7
"2002/6/6/12" 10.1 11.5115 197.17 8
"2002/6/6/18" 5.3 3.5445 201.48 8
"2002/6/7/0" 3.0 4.7396 315.90 14
"2002/6/7/6" 6.0 4.4118 32.97 1
"2002/6/7/12" 8.5 10.5161 27.78 1
"2002/6/7/18" 8.8 7.6360 21.54 0
"2002/6/8/0" 8.4 10.7580 22.98 1
"2002/6/8/6" 9.5 6.9094 34.39 1
"2002/6/8/12" 9.5 8.8640 101.03 4
"2002/6/8/18" 15.6 10.8835 107.09 4
"2002/6/9/0" 19.4 15.5624 116.72 5
"2002/6/9/6" 17.6 12.4212 127.12 5
"2002/6/9/12" 12.1 12.2781 173.44 7
"2002/6/9/18" 14.0 7.8314 165.94 7
"2002/6/10/0" 13.6 5.5286 173.75 7
"2002/6/10/6" 12.0 8.2206 126.55 5
"2002/6/10/12" 9.1 6.3749 193.60 8
"2002/6/10/18" 12.6 12.3300 278.40 12
"2002/6/11/0" 11.0 13.1161 310.99 13
"2002/6/11/6" 6.2 6.4356 315.66 14
"2002/6/11/12" 4.9 5.2037 1.13 0
"2002/6/11/18" 7.7 3.5419 253.67 11
"2002/6/12/0" 12.0 6.6837 321.12 14
"2002/6/12/6" 3.7 4.0821 342.95 15
"2002/6/12/12" 7.6 4.5378 277.62 12
"2002/6/12/18" 17.0 6.2594 241.40 10
"2002/6/13/0" 10.7 6.5106 273.53 12
"2002/6/13/6" 11.3 11.0695 302.85 13
"2002/6/13/12" 10.9 11.1420 298.42 13
"2002/6/13/18" 11.6 11.8333 300.49 13
"2002/6/14/0" 13.1 16.3386 327.01 14
"2002/6/14/6" 11.0 10.3592 323.26 14
"2002/6/14/12" 8.2 9.0373 332.34 14
"2002/6/14/18" 10.5 4.1608 294.13 13
"2002/6/15/0" 6.1 5.8515 326.88 14
"2002/6/15/6" 5.9 4.0024 53.14 2
"2002/6/15/12" 5.4 3.8991 29.20 1
"2002/6/15/18" 3.9 4.3899 65.77 2
"2002/6/16/0" 6.9 3.6646 35.03 1
"2002/6/16/6" 5.0 3.2670 156.51 6
"2002/6/16/12" 7.2 6.5898 229.31 10
"2002/6/16/18" 6.7 3.1588 161.54 7
"2002/6/17/0" 4.0 1.4974 216.92 9
"2002/6/17/6" 8.7 7.5661 150.71 6
"2002/6/17/12" 7.8 2.0856 196.65 8
"2002/6/17/18" 6.9 4.0834 72.89 3
"2002/6/18/0" 7.7 3.3953 137.35 6
"2002/6/18/6" 9.6 9.2200 139.37 6
"2002/6/18/12" 4.1 5.6227 141.45 6
"2002/6/18/18" 5.3 6.2246 113.65 5
"2002/6/19/0" 2.7 4.5308 43.20 1
"2002/6/19/6" 5.2 5.9602 112.66 5
"2002/6/19/12" 7.9 0.7205 123.34 5
"2002/6/19/18" 5.7 8.9560 303.17 13
"2002/6/20/0" 14.0 12.3111 313.04 13
"2002/6/20/6" 13.8 10.2652 305.10 13
"2002/6/20/12" 8.3 4.1676 329.76 14
"2002/6/20/18" 1.1 2.0869 163.23 7
"2002/6/21/0" 8.3 7.0468 124.57 5
"2002/6/21/6" 10.6 8.6837 147.20 6
"2002/6/21/12" 11.0 8.7360 113.62 5
"2002/6/21/18" 9.6 7.2429 122.56 5
"2002/6/22/0" 10.2 6.7952 122.96 5
"2002/6/22/6" 12.5 9.0616 157.94 7
"2002/6/22/12" 13.8 13.3415 184.71 8
"2002/6/22/18" 6.4 6.1292 185.59 8
"2002/6/23/0" 7.6 5.1456 172.15 7
"2002/6/23/6" 10.7 2.7590 133.45 5
"2002/6/23/12" 9.9 6.4141 100.76 4
"2002/6/23/18" 9.3 2.8307 121.98 5
"2002/6/24/0" 11.0 3.9301 104.68 4
"2002/6/24/6" 8.3 5.2799 204.62 9
"2002/6/24/12" 2.8 2.0081 185.69 8
"2002/6/24/18" 3.5 2.7983 235.13 10
"2002/6/25/0" 4.1 2.3636 53.59 2
"2002/6/25/6" 3.3 3.3714 191.95 8
"2002/6/25/12" 4.4 3.5826 202.98 9
"2002/6/25/18" 0.4 4.4570 289.72 12
"2002/6/26/0" 10.1 11.2218 323.34 14
"2002/6/26/6" 7.8 8.4410 5.46 0
"2002/6/26/12" 4.5 3.6890 12.58 0
"2002/6/26/18" 4.7 1.8014 0.07 0
"2002/6/27/0" 5.5 3.5817 26.61 1
"2002/6/27/6" 4.6 6.2134 104.92 4
"2002/6/27/12" 2.5 5.0994 138.13 6
"2002/6/27/18" 8.9 6.6830 141.06 6
"2002/6/28/0" 9.1 6.8769 139.10 6
"2002/6/28/6" 10.5 10.2044 155.69 6
"2002/6/28/12" 13.6 12.5943 163.84 7
"2002/6/28/18" 15.0 9.2404 166.84 7
"2002/6/29/0" 18.8 12.6972 187.24 8
"2002/6/29/6" 15.4 12.4668 185.98 8
"2002/6/29/12" 13.3 14.9179 195.15 8
"2002/6/29/18" 15.6 11.4320 184.51 8
"2002/6/30/0" 17.2 15.2515 184.88 8
"2002/6/30/6" 18.1 10.0666 195.55 8
"2002/6/30/12" 12.9 8.2267 274.90 12
"2002/6/30/18" 6.8 6.0887 312.38 13
"2002/7/1/0" 2.1 1.7231 54.52 2
"2002/7/1/6" 8.8 9.0261 140.83 6
"2002/7/1/12" 12.7 12.7888 167.80 7
"2002/7/1/18" 10.4 7.1045 272.46 12
"2002/7/2/0" 8.3 8.4028 351.12 15
"2002/7/2/6" 6.4 2.3778 75.34 3
"2002/7/2/12" 6.2 9.7032 90.58 4
"2002/7/2/18" 6.3 2.4366 19.25 0
"2002/7/3/0" 5.1 3.2583 10.65 0
"2002/7/3/6" 5.7 7.1076 13.84 0
"2002/7/3/12" 3.8 6.5478 71.26 3
"2002/7/3/18" 8.8 4.8112 110.64 4
"2002/7/4/0" 9.1 9.5441 123.00 5
"2002/7/4/6" 10.7 10.3082 120.28 5
"2002/7/4/12" 13.6 11.9838 153.20 6
"2002/7/4/18" 17.3 12.1028 165.15 7
"2002/7/5/0" 14.0 13.8088 169.99 7
"2002/7/5/6" 15.9 12.9217 169.29 7
"2002/7/5/12" 13.2 15.6911 200.50 8
"2002/7/5/18" 18.4 12.1236 176.20 7
"2002/7/6/0" 17.5 7.4358 221.18 9
"2002/7/6/6" 9.2 3.8804 191.88 8
"2002/7/6/12" 4.2 1.6106 209.73 9
"2002/7/6/18" 4.2 4.1143 115.90 5
"2002/7/7/0" 7.7 5.4619 118.40 5
"2002/7/7/6" 7.1 8.5441 159.44 7
"2002/7/7/12" 9.6 6.0084 134.29 5
"2002/7/7/18" 8.7 6.1849 165.93 7
"2002/7/8/0" 5.2 3.9096 265.60 11
"2002/7/8/6" 6.9 6.6045 328.00 14
"2002/7/8/12" 7.7 7.2095 357.62 15
"2002/7/8/18" 4.7 2.3135 17.68 0
"2002/7/9/0" 5.9 2.9770 70.37 3
"2002/7/9/6" 8.4 7.4062 106.46 4
"2002/7/9/12" 12.1 5.5351 102.49 4
"2002/7/9/18" 5.1 0.8481 315.22 14
"2002/7/10/0" 5.2 5.6010 0.02 0
"2002/7/10/6" 9.4 7.6602 324.04 14
"2002/7/10/12" 9.8 13.8562 329.19 14
"2002/7/10/18" 15.8 9.2102 311.51 13
"2002/7/11/0" 11.1 12.2039 0.96 0
"2002/7/11/6" 12.4 7.8586 21.66 0
"2002/7/11/12" 8.7 8.0419 21.14 0
"2002/7/11/18" 6.3 4.8876 35.01 1
"2002/7/12/0" 5.1 4.2014 88.60 3
"2002/7/12/6" 5.5 6.1774 150.94 6
"2002/7/12/12" 5.4 5.7288 173.97 7
"2002/7/12/18" 8.6 5.6921 161.55 7
"2002/7/13/0" 5.8 4.4222 142.32 6
"2002/7/13/6" 6.7 7.9049 177.79 7
"2002/7/13/12" 9.6 10.6712 192.98 8
"2002/7/13/18" 7.8 5.0459 171.99 7
"2002/7/14/0" 7.1 4.5208 144.85 6
"2002/7/14/6" 7.6 8.6945 160.52 7
"2002/7/14/12" 9.1 8.2062 182.77 8
"2002/7/14/18" 9.9 6.5217 144.34 6
"2002/7/15/0" 10.6 8.1841 153.11 6
"2002/7/15/6" 13.2 10.6015 164.12 7
"2002/7/15/12" 11.4 12.4963 196.26 8
"2002/7/15/18" 11.5 10.2147 168.12 7
"2002/7/16/0" 12.7 11.2361 175.38 7
"2002/7/16/6" 13.7 10.6966 180.53 8
"2002/7/16/12" 9.8 14.0596 213.69 9
"2002/7/16/18" 7.2 4.3643 164.02 7
"2002/7/17/6" 8.8 5.8322 157.79 7
"2002/7/17/12" 7.4 5.0977 214.61 9
"2002/7/17/18" 10.8 4.7559 81.50 3
"2002/7/18/0" 14.3 5.7494 103.05 4
"2002/7/18/6" 8.9 6.3710 112.10 4
"2002/7/18/12" 11.5 3.6268 50.63 2
"2002/7/18/18" 9.3 0.8632 54.50 2
"2002/7/19/0" 5.0 3.0017 53.12 2
"2002/7/19/6" 6.2 6.1177 86.25 3
"2002/7/19/12" 4.1 4.9949 57.23 2
"2002/7/19/18" 7.4 6.3400 96.32 4
"2002/7/20/0" 8.2 5.6438 119.74 5
"2002/7/20/6" 10.4 8.2332 130.06 5
"2002/7/20/12" 6.1 5.5127 202.38 8
"2002/7/20/18" 4.3 2.6233 287.83 12
"2002/7/21/0" 2.8 5.8664 330.42 14
"2002/7/21/6" 5.0 5.6150 355.96 15
"2002/7/21/12" 8.9 9.7049 1.20 0
"2002/7/21/18" 7.0 8.4154 342.02 15
"2002/7/22/0" 3.0 6.8882 350.84 15
"2002/7/22/6" 10.2 6.5001 306.90 13
"2002/7/22/12" 10.8 8.1836 321.47 14
"2002/7/22/18" 7.1 4.6149 330.17 14
"2002/7/23/0" 5.4 5.8686 29.61 1
"2002/7/23/6" 5.2 7.5504 101.45 4
"2002/7/23/12" 4.2 6.2151 154.22 6
"2002/7/23/18" 9.8 9.2966 139.77 6
"2002/7/24/0" 10.9 9.1943 134.09 5
"2002/7/24/6" 13.9 6.7938 146.99 6
"2002/7/24/12" 9.4 8.8169 176.09 7
"2002/7/24/18" 5.1 4.4977 179.97 7
"2002/7/25/0" 4.2 0.4967 217.13 9
"2002/7/25/6" 9.6 3.3219 313.83 13
"2002/7/25/12" 6.2 3.9671 303.75 13
"2002/7/25/18" 5.2 3.8558 253.48 11
"2002/7/26/0" 4.8 5.6184 264.93 11
"2002/7/26/6" 4.4 5.3100 250.22 11
"2002/7/26/12" 7.8 9.3720 236.31 10
"2002/7/26/18" 9.0 9.2636 223.68 9
"2002/7/27/0" 8.1 6.6463 164.27 7
"2002/7/27/6" 10.2 6.1807 189.27 8
"2002/7/27/12" 5.6 9.2079 237.88 10
"2002/7/27/18" 5.4 4.8375 277.15 12
"2002/7/28/0" 5.3 5.8893 310.21 13
"2002/7/28/6" 7.9 4.7797 70.38 3
"2002/7/28/12" 7.0 8.6805 27.46 1
"2002/7/28/18" 5.0 2.2834 52.08 2
"2002/7/29/0" 4.4 2.1955 330.04 14
"2002/7/29/6" 2.7 0.7050 261.98 11
"2002/7/29/12" 6.1 5.1815 250.89 11
"2002/7/29/18" 5.8 6.4170 217.41 9
"2002/7/30/0" 7.9 8.2344 280.52 12
"2002/7/30/6" 5.8 2.0797 125.14 5
"2002/7/30/12" 5.5 1.7690 132.59 5
"2002/7/30/18" 8.2 7.4445 36.25 1
"2002/7/31/0" 7.6 6.1566 97.46 4
"2002/7/31/6" 10.6 8.8220 128.53 5
"2002/7/31/12" 7.2 3.9621 134.95 5
"2002/7/31/18" 8.9 1.8845 211.89 9
"2002/8/1/0" 6.6 3.7210 23.84 1
"2002/8/1/6" 13.1 10.3606 353.93 15
"2002/8/1/12" 15.2 21.5272 344.10 15
"2002/8/1/18" 12.8 7.8881 309.35 13
"2002/8/2/0" 8.5 7.6693 320.33 14
"2002/8/2/6" 4.7 2.0262 339.85 15
"2002/8/2/12" 2.4 0.2221 206.30 9
"2002/8/2/18" 8.1 11.5424 142.02 6
"2002/8/3/0" 11.9 9.6881 148.92 6
"2002/8/3/6" 13.8 13.2352 154.00 6
"2002/8/3/12" 14.1 10.0731 155.96 6
"2002/8/3/18" 4.4 4.2373 225.00 10
"2002/8/4/0" 8.7 8.0640 348.56 15
"2002/8/4/6" 11.7 8.6384 20.33 0
"2002/8/4/12" 9.1 11.4211 17.34 0
"2002/8/4/18" 11.6 6.1669 41.72 1
"2002/8/5/0" 9.7 6.8454 64.93 2
"2002/8/5/6" 8.9 6.2809 80.84 3
"2002/8/5/12" 9.9 7.6808 81.76 3
"2002/8/5/18" 11.9 7.2060 91.58 4
"2002/8/6/0" 11.2 9.8646 96.38 4
"2002/8/6/6" 11.4 10.3187 106.30 4
"2002/8/6/12" 14.2 7.8105 140.18 6
"2002/8/6/18" 9.2 9.9549 146.46 6
"2002/8/7/0" 11.6 8.3251 151.26 6
"2002/8/7/6" 14.6 11.5048 155.87 6
"2002/8/7/12" 14.3 14.4600 196.05 8
"2002/8/8/12" 12.2 12.8858 189.83 8
"2002/8/8/18" 8.3 6.2357 164.17 7
"2002/8/9/0" 12.0 6.8073 183.33 8
"2002/8/9/6" 12.1 3.1874 212.15 9
"2002/8/9/12" 8.7 8.3400 283.90 12
"2002/8/9/18" 6.6 5.7390 292.59 13
"2002/8/10/0" 6.6 7.9220 274.36 12
"2002/8/10/6" 12.0 9.7398 264.70 11
"2002/8/10/12" 12.3 13.6352 274.21 12
"2002/8/10/18" 11.6 9.2942 258.22 11
"2002/8/11/0" 5.3 4.3920 311.32 13
"2002/8/11/6" 6.9 4.1190 174.42 7
"2002/8/11/12" 10.5 9.9016 181.15 8
"2002/8/11/18" 8.5 7.3055 182.35 8
"2002/8/12/0" 5.6 3.2652 203.42 9
"2002/8/12/6" 11.3 10.7823 331.79 14
"2002/8/12/12" 11.3 14.9196 314.75 13
"2002/8/12/18" 11.9 9.3617 283.62 12
"2002/8/13/0" 6.7 8.2217 311.09 13
"2002/8/13/6" 6.6 4.6036 304.42 13
"2002/8/13/12" 5.4 5.0589 299.64 13
"2002/8/13/18" 6.7 3.4998 270.04 12
"2002/8/14/0" 8.7 3.7150 246.20 10
"2002/8/14/6" 10.1 8.4961 208.08 9
"2002/8/14/12" 9.0 9.6626 245.55 10
"2002/8/14/18" 4.7 4.2435 194.97 8
"2002/8/15/0" 4.0 4.5971 314.15 13
"2002/8/15/6" 8.0 4.6564 8.68 0
"2002/8/15/12" 12.0 13.9688 310.67 13
"2002/8/15/18" 12.6 7.2988 283.47 12
"2002/9/1/0" 12.8 9.7852 172.35 7
"2002/9/1/6" 12.1 8.0923 207.18 9
"2002/9/1/12" 5.1 3.3266 96.84 4
"2002/9/1/18" 6.1 3.1373 210.66 9
"2002/9/2/0" 8.0 0.6100 99.29 4
"2002/9/2/6" 11.0 6.6995 217.73 9
"2002/9/2/12" 14.6 16.9677 336.02 14
"2002/9/2/18" 14.8 10.0819 300.40 13
"2002/9/3/0" 10.6 9.5594 307.37 13
"2002/9/3/6" 6.7 6.1269 241.80 10
"2002/9/3/12" 6.3 10.0151 207.33 9
"2002/9/3/18" 8.3 8.7322 185.25 8
"2002/9/4/0" 10.8 10.0037 177.71 7
"2002/9/4/6" 12.8 12.3131 177.20 7
"2002/9/4/12" 14.4 13.9138 177.11 7
"2002/9/4/18" 15.2 11.6049 178.02 7
"2002/9/5/0" 13.8 10.5013 178.89 7
"2002/9/5/6" 11.7 10.0145 194.44 8
"2002/9/5/12" 9.2 7.7741 197.95 8
"2002/9/5/18" 7.0 6.6374 198.43 8
"2002/9/6/0" 5.9 6.2508 129.77 5
"2002/9/6/6" 6.0 10.3041 165.95 7
"2002/9/6/12" 10.4 7.4939 148.62 6
"2002/9/6/18" 6.2 7.1156 175.96 7
"2002/9/7/0" 3.9 5.6198 218.52 9
"2002/9/7/6" 11.4 9.6604 173.46 7
"2002/9/7/12" 12.7 12.6596 204.74 9
"2002/9/7/18" 16.4 10.5959 180.53 8
"2002/9/8/0" 16.3 8.1698 187.71 8
"2002/9/8/6" 12.9 10.1649 164.58 7
"2002/9/8/12" 12.9 12.7383 202.14 8
"2002/9/8/18" 6.4 4.6010 235.62 10
"2002/9/9/0" 7.1 4.2136 247.68 11
"2002/9/9/6" 9.8 6.8263 328.21 14
"2002/9/9/12" 7.5 8.0815 15.09 0
"2002/9/9/18" 11.1 5.4041 0.02 0
"2002/9/10/0" 8.1 10.1254 3.98 0
"2002/9/10/6" 10.6 5.9367 315.03 14
"2002/9/10/12" 6.8 5.6583 315.03 14
"2002/9/10/18" 3.8 3.3528 280.34 12
"2002/9/11/0" 5.4 0.6725 333.52 14
"2002/9/11/12" 4.2 7.6519 197.46 8
"2002/9/11/18" 5.7 4.8751 195.44 8
"2002/9/12/0" 4.3 4.6791 200.00 8
"2002/9/12/6" 6.8 7.3739 195.72 8
"2002/9/12/12" 6.1 7.8023 210.83 9
"2002/9/12/18" 4.8 1.6493 165.94 7
"2002/9/13/0" 6.0 3.7206 149.25 6
"2002/9/13/6" 5.2 5.5911 137.16 6
"2002/9/13/12" 6.0 4.8085 159.29 7
"2002/9/13/18" 8.0 4.0699 117.79 5
"2002/9/14/0" 6.0 3.2544 162.10 7
"2002/9/14/6" 6.6 5.0463 303.75 13
"2002/9/14/12" 11.6 13.4031 359.15 15
"2002/9/14/18" 8.9 6.8452 333.10 14
"2002/9/15/0" 5.5 3.8229 6.01 0
"2002/9/15/6" 3.2 4.0600 141.96 6
"2002/9/15/12" 8.2 11.2976 181.01 8
"2002/9/15/18" 12.4 6.8994 181.65 8
"2002/9/16/0" 8.9 8.2000 170.86 7
"2002/9/16/6" 9.1 11.4221 203.19 9
"2002/9/16/12" 6.6 10.4966 220.35 9
"2002/9/16/18" 9.4 7.1174 169.46 7
"2002/9/17/0" 14.3 12.7285 184.05 8
"2002/9/17/6" 13.3 14.1575 174.72 7
"2002/9/17/12" 16.4 15.2171 191.74 8
"2002/9/17/18" 15.6 10.2147 168.12 7
"2002/9/18/0" 13.6 10.2674 157.66 7
"2002/9/18/6" 13.3 8.8296 166.89 7
"2002/9/18/12" 12.7 4.3365 194.65 8
"2002/9/18/18" 13.9 9.5479 259.77 11
"2002/9/19/0" 4.3 8.3925 291.69 12
"2002/9/19/6" 16.6 14.7854 316.93 14
"2002/9/19/12" 11.0 12.6493 337.70 15
"2002/9/19/18" 11.2 7.6701 337.82 15
"2002/9/20/0" 4.0 4.3251 326.35 14
"2002/9/20/6" 9.0 5.4751 201.41 8
"2002/9/20/12" 8.9 10.4104 221.49 9
"2002/9/20/18" 14.0 7.2794 307.20 13
"2002/9/21/0" 13.9 14.6043 323.93 14
"2002/9/21/6" 9.9 7.5298 309.65 13
"2002/9/21/12" 10.7 10.8146 287.78 12
"2002/9/21/18" 15.8 8.2117 266.53 11
"2002/9/22/0" 12.3 13.1937 296.58 13
"2002/9/22/6" 12.5 11.0995 288.93 12
"2002/9/22/12" 9.9 10.1515 296.33 13
"2002/9/22/18" 8.8 3.2243 240.25 10
"2002/9/23/0" 1.9 3.1746 257.30 11
"2002/9/23/6" 10.6 8.2344 280.52 12
"2002/9/23/12" 14.7 17.0896 325.01 14
"2002/9/23/18" 12.0 4.3168 312.21 13
"2002/9/24/0" 4.7 0.9957 270.13 12
"2002/9/24/12" 12.0 11.6825 173.10 7
"2002/9/24/18" 12.5 8.2355 185.57 8
"2002/9/25/0" 2.8 2.3782 292.34 12
"2002/9/25/6" 8.2 7.9070 18.45 0
"2002/9/25/12" 8.6 16.8279 21.99 0
"2002/9/25/18" 4.6 8.9022 359.37 15
"2002/9/26/0" 2.0 2.8057 357.99 15
"2002/9/26/6" 8.2 6.0398 263.36 11
"2002/9/26/12" 5.2 4.4374 262.26 11
"2002/9/27/0" 6.0 4.7396 134.10 5
"2002/9/27/6" 6.2 7.6008 147.32 6
"2002/9/27/12" 8.3 8.2973 179.98 7
"2002/9/27/18" 10.3 4.3055 120.72 5
"2002/9/28/0" 8.0 3.5218 124.57 5
"2002/9/28/6" 9.3 5.7158 85.98 3
"2002/9/28/12" 10.7 5.6634 43.56 1
"2002/9/28/18" 9.2 3.3343 48.62 2
"2002/9/29/0" 3.9 2.9188 67.84 3
"2002/9/29/6" 5.3 5.1268 159.43 7
"2002/9/29/12" 9.6 6.8024 182.53 8
"2002/9/29/18" 11.3 7.8506 173.39 7
"2002/9/30/0" 10.6 8.6464 185.97 8
"2002/9/30/6" 10.9 6.8462 208.80 9
"2002/9/30/12" 8.6 9.8196 255.27 11
"2002/9/30/18" 3.6 7.4323 287.25 12
"2002/10/1/0" 7.1 8.4891 325.57 14
"2002/10/1/6" 9.2 8.6510 354.03 15
"2002/10/1/12" 4.8 8.0964 332.83 14
"2002/10/1/18" 12.5 9.2214 347.49 15
"2002/10/2/0" 10.0 10.2596 349.91 15
"2002/10/2/6" 7.4 4.5627 15.27 0
"2002/10/2/12" 7.1 7.3110 16.72 0
"2002/10/2/18" 3.6 0.9889 66.10 2
"2002/10/3/0" 3.5 1.1058 84.66 3
"2002/10/3/6" 2.8 4.0431 188.50 8
"2002/10/3/12" 7.9 6.9432 173.36 7
"2002/10/3/18" 8.7 7.5093 170.01 7
"2002/10/4/0" 5.1 3.3520 190.27 8
"2002/10/4/6" 8.3 10.1256 343.38 15
"2002/10/4/12" 14.1 14.3398 347.53 15
"2002/10/4/18" 13.2 8.3519 301.80 13
"2002/10/5/0" 7.0 3.5350 331.33 14
"2002/10/5/6" 6.7 1.6599 64.95 2
"2002/10/5/12" 5.1 2.8295 227.89 10
"2002/10/5/18" 4.2 1.1415 142.00 6
"2002/10/6/0" 7.4 4.5971 135.85 6
"2002/10/6/6" 3.5 6.2754 292.50 13
"2002/10/6/12" 13.9 14.6698 296.75 13
"2002/10/6/18" 9.6 12.1006 317.36 14
"2002/10/7/0" 6.3 2.6240 310.40 13
"2002/10/7/6" 9.0 9.0909 188.21 8
"2002/10/7/12" 12.2 11.1971 240.01 10
"2002/10/7/18" 8.3 6.9227 274.99 12
"2002/10/8/0" 6.1 7.8468 314.50 13
"2002/10/8/6" 5.6 4.3358 341.18 15
"2002/10/8/12" 10.3 8.4518 309.75 13
"2002/10/8/18" 9.6 6.6517 317.45 14
"2002/10/9/0" 5.3 4.1700 316.02 14
"2002/10/9/6" 2.0 3.3220 186.85 8
"2002/10/9/12" 4.8 11.0008 172.14 7
"2002/10/9/18" 10.4 9.4973 180.59 8
"2002/10/10/0" 8.4 7.5392 173.88 7
"2002/10/10/6" 8.1 7.7157 196.56 8
"2002/10/10/12" 9.5 7.0989 189.71 8
"2002/10/10/18" 11.5 8.2995 170.97 7
"2002/10/11/0" 14.4 11.4231 171.44 7
"2002/10/11/6" 13.5 12.8858 189.83 8
"2002/10/11/12" 11.1 8.6525 229.70 10
"2002/10/11/18" 11.4 8.4722 300.51 13
"2002/10/12/0" 13.4 17.7538 332.87 14
"2002/10/12/6" 12.6 8.9293 311.38 13
"2002/10/12/12" 12.5 10.1986 333.20 14
"2002/10/12/18" 12.2 7.2189 306.57 13
"2002/10/13/0" 10.3 9.5587 312.05 13
"2002/10/13/6" 12.0 8.3460 263.81 11
"2002/10/13/12" 10.5 8.3267 265.19 11
"2002/10/13/18" 7.8 3.8583 201.25 8
"2002/10/14/0" 10.8 7.0148 184.06 8
"2002/10/14/6" 15.0 12.2895 187.01 8
"2002/10/14/12" 6.3 11.4076 272.52 12
"2002/10/14/18" 20.7 17.3427 305.62 13
"2002/10/15/0" 11.5 14.0182 317.91 14
"2002/10/15/6" 9.5 9.7006 307.48 13
"2002/10/15/12" 8.0 6.8550 336.82 14
"2002/10/15/18" 2.2 0.5368 157.70 7
"2002/10/16/0" 2.4 0.9870 336.35 14
"2002/10/16/6" 3.4 3.5466 130.34 5
"2002/10/16/12" 3.1 0.9218 139.23 6
"2002/10/16/18" 3.3 2.8669 347.97 15
"2002/10/17/0" 4.7 5.8691 314.37 13
"2002/10/17/6" 6.5 6.9839 279.07 12
"2002/10/17/12" 8.3 10.2865 296.58 13
"2002/10/17/18" 6.3 3.0436 228.96 10
"2002/10/18/0" 10.7 4.2447 164.97 7
"2002/10/18/6" 9.4 9.7233 265.88 11
"2002/10/18/12" 15.0 14.8181 310.90 13
"2002/10/18/18" 14.2 7.2469 320.61 14
"2002/10/19/0" 10.4 10.2922 344.22 15
"2002/10/19/6" 11.8 6.3410 322.07 14
"2002/10/19/12" 5.4 3.4469 330.52 14
"2002/10/19/18" 7.6 2.9504 208.29 9
"2002/10/20/0" 5.0 5.0548 204.53 9
"2002/10/20/6" 7.5 4.4698 169.65 7
"2002/10/20/12" 8.7 5.1642 98.90 4
"2002/10/20/18" 10.3 6.6448 52.95 2
"2002/10/21/0" 9.6 8.5730 41.69 1
"2002/10/21/6" 9.4 7.2123 23.71 1
"2002/10/21/12" 8.2 6.5161 17.90 0
"2002/10/21/18" 5.1 2.4226 60.26 2
"2002/10/22/0" 6.4 4.7898 79.12 3
"2002/10/22/6" 8.4 7.3278 51.09 2
"2002/10/22/12" 8.3 9.0153 33.69 1
"2002/10/22/18" 7.1 7.0007 30.95 1
"2002/10/23/0" 4.8 6.8720 16.07 0
"2002/10/23/6" 6.3 4.4625 42.26 1
"2002/10/23/12" 4.1 3.6191 14.47 0
"2002/10/23/18" 3.2 2.3544 77.71 3
"2002/10/26/6" 10.7 7.5149 310.70 13
"2002/10/26/12" 10.3 4.7437 312.46 13
"2002/10/26/18" 8.6 2.3153 262.56 11
"2002/10/27/0" 4.3 2.4164 294.45 13
"2002/10/27/6" 2.4 3.0018 149.94 6
"2002/10/27/12" 3.9 4.0300 172.85 7
"2002/10/27/18" 8.4 7.4256 154.45 6
"2002/10/28/0" 11.1 9.2219 170.61 7
"2002/10/28/6" 10.7 9.2338 184.96 8
"2002/10/28/12" 8.3 7.1990 170.39 7
"2002/10/28/18" 7.4 5.4914 169.51 7
"2002/10/29/0" 5.1 3.2162 95.35 4
"2002/10/29/6" 4.0 5.2546 40.37 1
"2002/10/29/12" 8.9 8.5177 15.67 0
"2002/10/29/18" 11.8 12.9027 0.01 0
"2002/10/30/0" 14.4 14.6134 2.36 0
"2002/10/30/6" 14.3 10.7385 355.19 15
"2002/10/30/12" 11.4 11.4866 353.01 15
"2002/10/30/18" 7.2 7.6301 349.44 15
"2002/10/31/0" 5.4 7.2976 326.77 14
"2002/11/2/0" 11.2 9.2529 263.82 11
"2002/11/2/6" 9.5 9.5242 249.09 11
"2002/11/2/12" 5.7 7.2628 292.71 13
"2002/11/2/18" 6.3 4.9052 266.50 11
"2002/11/3/0" 6.2 6.7116 245.35 10
"2002/11/3/6" 9.2 10.5959 269.47 11
"2002/11/3/12" 13.1 9.2106 318.53 14
"2002/11/3/18" 11.6 8.6415 293.92 13
"2002/11/4/0" 7.6 5.9440 323.93 14
"2002/11/4/6" 9.5 3.6768 227.22 10
"2002/11/4/12" 4.8 4.4600 195.57 8
"2002/11/4/18" 11.7 10.3606 157.87 7
"2002/11/5/6" 10.2 7.7350 212.85 9
"2002/11/5/12" 7.1 7.9539 284.58 12
"2002/11/5/18" 11.7 8.6369 312.21 13
"2002/11/6/0" 7.3 7.9322 303.70 13
"2002/11/6/6" 11.0 9.4223 274.28 12
"2002/11/6/12" 9.3 10.3389 307.55 13
"2002/11/6/18" 2.3 2.0221 302.99 13
"2002/11/7/0" 9.1 3.4512 189.97 8
"2002/11/7/6" 12.4 12.3039 223.69 9
"2002/11/7/12" 12.1 11.8824 239.11 10
"2002/11/7/18" 8.6 11.0056 272.09 12
"2002/11/8/0" 8.6 9.5313 260.34 11
"2002/11/8/6" 6.3 8.2463 276.29 12
"2002/11/8/12" 3.6 2.0028 0.07 0
"2002/11/8/18" 6.2 4.0691 155.29 6
"2002/11/9/0" 9.5 5.1456 172.15 7
"2002/11/9/6" 11.3 9.7605 240.54 10
"2002/11/9/12" 7.9 10.8011 271.62 12
"2002/11/9/18" 5.1 10.8976 270.01 12
"2002/11/10/0" 7.5 9.7234 284.91 12
"2002/11/10/6" 11.5 8.6389 307.03 13
"2002/11/10/12" 13.4 11.4076 328.27 14
"2002/11/10/18" 11.2 10.7992 323.67 14
"2002/11/11/0" 7.2 7.6481 332.77 14
"2002/11/11/6" 4.5 3.5504 327.69 14
"2002/11/11/12" 4.4 2.5443 315.07 14
"2002/11/11/18" 6.3 3.8599 291.32 12
"2002/11/12/0" 6.0 3.2983 270.04 12
"2002/11/12/6" 11.3 11.8551 245.61 10
"2002/11/12/12" 9.6 14.0072 279.87 12
"2002/11/12/18" 8.4 8.2700 296.59 13
"2002/11/13/0" 4.4 2.8895 346.02 15
"2002/11/13/6" 5.4 7.1234 175.15 7
"2002/11/13/12" 8.5 8.9184 227.73 10
"2002/11/13/18" 14.2 16.2640 286.44 12
"2002/11/14/0" 10.9 12.0633 319.73 14
"2002/11/14/6" 6.2 5.7880 350.09 15
"2002/11/14/12" 4.0 4.3166 346.66 15
"2002/11/14/18" 4.2 2.7804 307.71 13
"2002/11/15/0" 3.4 2.9146 292.19 12
"2002/11/15/6" 3.9 1.5551 345.25 15
"2002/11/15/12" 6.0 1.7517 66.35 2
"2002/11/15/18" 3.7 3.2896 340.53 15
"2002/11/16/0" 3.7 4.3693 339.93 15
"2002/11/16/6" 6.0 2.3986 225.00 10
"2002/11/16/12" 6.4 4.4554 250.34 11
"2002/11/16/18" 5.8 5.5905 208.86 9
"2002/11/17/0" 7.9 5.9094 198.73 8
"2002/11/17/6" 11.2 9.5121 192.13 8
"2002/11/17/12" 11.0 7.0001 181.63 8
"2002/11/17/18" 8.2 4.9785 218.47 9
"2002/11/18/0" 5.9 5.4113 286.14 12
"2002/11/18/6" 11.6 10.9583 297.75 13
"2002/11/18/12" 9.7 9.7098 327.63 14
"2002/11/18/18" 12.9 9.0426 264.29 11
"2002/11/19/0" 12.4 9.9818 280.99 12
"2002/11/19/6" 12.6 11.5328 274.50 12
"2002/11/19/12" 9.9 10.0108 304.02 13
"2002/11/19/18" 8.2 7.3055 267.65 11
"2002/11/20/0" 9.8 9.3518 298.78 13
"2002/11/20/6" 9.5 11.1599 292.67 13
"2002/11/20/12" 12.1 17.4672 315.24 14
"2002/11/20/18" 10.0 10.4014 337.39 14
"2002/11/21/0" 8.6 9.1797 303.01 13
"2002/11/21/6" 14.8 14.7734 309.52 13
"2002/11/21/12" 10.3 16.2112 338.66 15
"2002/11/21/18" 8.0 6.6311 348.71 15
"2002/11/22/0" 5.2 3.0074 356.20 15
"2002/11/22/6" 5.8 5.7684 170.98 7
"2002/11/22/12" 8.8 10.2071 188.45 8
"2002/11/22/18" 12.1 7.7620 218.20 9
"2002/11/23/0" 11.1 12.6468 292.33 12
"2002/11/23/6" 15.7 13.8303 310.61 13
"2002/11/23/12" 14.5 15.5884 311.37 13
"2002/11/23/18" 14.2 9.9237 310.94 13
"2002/11/24/0" 12.3 14.5345 319.20 14
"2002/11/24/6" 8.8 9.7645 330.56 14
"2002/11/24/12" 6.4 8.8964 338.93 15
"2002/11/24/18" 8.2 6.7409 327.76 14
"2002/11/25/0" 5.9 6.5825 335.80 14
"2002/11/25/6" 5.6 5.6287 276.14 12
"2002/11/25/12" 9.5 5.9171 217.42 9
"2002/11/25/18" 15.3 10.5567 204.61 9
"2002/11/26/0" 11.6 6.0531 149.18 6
"2002/11/26/6" 9.7 7.4824 29.65 1
"2002/11/26/12" 3.9 6.2030 10.22 0
"2002/11/26/18" 1.9 0.5411 67.88 3
"2002/11/27/0" 4.8 2.0999 205.36 9
"2002/11/27/6" 9.5 9.7131 220.41 9
"2002/11/27/12" 7.9 8.7842 221.30 9
"2002/11/27/18" 6.4 7.0573 290.76 12
"2002/11/28/0" 8.9 8.4033 308.25 13
"2002/11/28/6" 8.0 7.6008 302.68 13
"2002/11/28/12" 8.7 7.2817 261.34 11
"2002/11/28/18" 13.4 14.6304 257.78 11
"2002/11/29/0" 16.0 15.8871 276.15 12
"2002/11/29/6" 16.3 14.4395 300.83 13
"2002/11/29/18" 21.4 18.5025 293.25 13
"2002/11/30/0" 17.7 21.2215 327.52 14
"2002/11/30/6" 13.1 10.9579 326.17 14
"2002/11/30/12" 11.1 10.0234 335.26 14
"2002/11/30/18" 8.7 5.6299 289.75 12
